0 0.746394 0.987981 0.012019 0.014423
0 0.748798 0.944712 0.012019 0.009615
0 0.751202 0.930288 0.012019 0.009615
0 0.739183 0.875000 0.007212 0.004808
0 0.729567 0.859375 0.002404 0.002404
0 0.751202 0.854567 0.012019 0.045673
0 0.737981 0.816106 0.014423 0.007212
0 0.747596 0.748798 0.004808 0.002404
0 0.250000 0.626202 0.004808 0.007212
0 0.223558 0.626202 0.004808 0.007212
0 0.216346 0.616587 0.004808 0.036058
0 0.250000 0.572115 0.004808 0.004808
0 0.233173 0.473558 0.004808 0.009615
0 0.252404 0.459135 0.014423 0.009615
0 0.224760 0.461538 0.021635 0.014423
0 0.218750 0.441106 0.009615 0.016827
0 0.216346 0.409856 0.004808 0.026442
0 0.217548 0.358173 0.007212 0.009615
0 0.233173 0.335337 0.004808 0.007212
0 0.216346 0.328125 0.004808 0.016827
0 0.332933 0.292067 0.002404 0.007212
0 0.283654 0.290865 0.004808 0.004808
0 0.509615 0.286058 0.004808 0.004808
0 0.474760 0.640625 0.526442 0.713942
