0 0.774038 0.995192 0.009615 0.004808
0 0.769231 0.977163 0.024038 0.016827
0 0.772837 0.957933 0.016827 0.007212
0 0.771635 0.932692 0.019231 0.014423
0 0.770433 0.902644 0.021635 0.036058
0 0.770433 0.849760 0.016827 0.012019
0 0.743990 0.846154 0.007212 0.009615
0 0.775240 0.826923 0.007212 0.019231
0 0.758413 0.804087 0.002404 0.002404
0 0.770433 0.762019 0.002404 0.004808
0 0.774038 0.713942 0.009615 0.014423
0 0.772837 0.693510 0.007212 0.002404
0 0.770433 0.665865 0.012019 0.038462
0 0.774038 0.608173 0.004808 0.004808
0 0.765625 0.582933 0.012019 0.007212
0 0.775240 0.561298 0.002404 0.007212
0 0.774038 0.538462 0.004808 0.009615
0 0.246394 0.543269 0.026442 0.052885
0 0.234375 0.506010 0.002404 0.012019
0 0.240385 0.478365 0.014423 0.019231
0 0.768029 0.457933 0.012019 0.007212
0 0.775240 0.437500 0.002404 0.004808
0 0.243990 0.414663 0.002404 0.002404
0 0.235577 0.408654 0.004808 0.019231
0 0.774038 0.383413 0.004808 0.007212
0 0.276442 0.347356 0.004808 0.007212
0 0.427885 0.337740 0.024038 0.012019
0 0.280048 0.335337 0.007212 0.007212
0 0.235577 0.340144 0.004808 0.016827
0 0.760817 0.332933 0.007212 0.007212
0 0.504808 0.662260 0.548077 0.670673
