0 0.739183 0.947115 0.026442 0.014423
0 0.747596 0.908654 0.004808 0.004808
0 0.756010 0.901442 0.002404 0.004808
0 0.729567 0.887019 0.002404 0.004808
0 0.751202 0.877404 0.002404 0.009615
0 0.753606 0.763221 0.002404 0.002404
0 0.746394 0.743990 0.012019 0.016827
0 0.733173 0.721154 0.009615 0.004808
0 0.748798 0.713942 0.012019 0.024038
0 0.743990 0.689904 0.007212 0.009615
0 0.750000 0.664663 0.004808 0.002404
0 0.740385 0.578125 0.004808 0.002404
0 0.736779 0.570913 0.002404 0.002404
0 0.746394 0.552885 0.002404 0.004808
0 0.746394 0.500000 0.007212 0.009615
0 0.224760 0.425481 0.021635 0.038462
0 0.225962 0.372596 0.024038 0.043269
0 0.361779 0.294471 0.002404 0.007212
0 0.270433 0.290865 0.002404 0.009615
0 0.286058 0.289663 0.014423 0.012019
0 0.242788 0.288462 0.004808 0.009615
0 0.484375 0.639423 0.545673 0.716346
