0 0.758413 0.762019 0.007212 0.004808
0 0.768029 0.736779 0.021635 0.021635
0 0.774038 0.645433 0.009615 0.016827
0 0.760817 0.542067 0.007212 0.007212
0 0.772837 0.538462 0.007212 0.009615
0 0.774038 0.514423 0.004808 0.009615
0 0.775240 0.489183 0.002404 0.021635
0 0.234375 0.443510 0.002404 0.002404
0 0.769231 0.449519 0.014423 0.024038
0 0.774038 0.426683 0.004808 0.002404
0 0.240385 0.403846 0.014423 0.024038
0 0.234375 0.367788 0.002404 0.004808
0 0.545673 0.337740 0.009615 0.007212
0 0.709135 0.332933 0.009615 0.007212
0 0.647837 0.332933 0.012019 0.007212
0 0.506010 0.662260 0.550481 0.670673
0 0.757212 0.337740 0.033654 0.026442
