0 0.418269 0.639423 0.014423 0.153846
0 0.306490 0.512019 0.007212 0.019231
0 0.305288 0.459135 0.004808 0.009615
0 0.301683 0.317308 0.007212 0.004808
0 0.343750 0.493990 0.134615 0.747596
0 0.899038 0.493990 0.129808 0.939904
0 0.021635 0.498798 0.043269 0.997596
0 0.173077 0.760817 0.201923 0.473558
0 0.270433 0.503606 0.002404 0.016827
0 0.081731 0.449519 0.004808 0.033654
0 0.075721 0.389423 0.016827 0.009615
0 0.080529 0.322115 0.002404 0.009615
0 0.175481 0.183894 0.192308 0.367788
0 0.611779 0.501202 0.026442 0.276442
0 0.447115 0.631010 0.048077 0.146635
0 0.528846 0.484375 0.048077 0.406250
0 0.774038 0.507212 0.019231 0.240385
