0 0.418269 0.640625 0.014423 0.156250
0 0.302885 0.317308 0.009615 0.009615
0 0.343750 0.495192 0.134615 0.745192
0 0.899038 0.492788 0.134615 0.942308
0 0.056490 0.507212 0.012019 0.019231
0 0.021635 0.497596 0.043269 0.995192
0 0.171875 0.766827 0.204327 0.461538
0 0.081731 0.447115 0.004808 0.038462
0 0.081731 0.388221 0.004808 0.007212
0 0.175481 0.179087 0.192308 0.358173
0 0.611779 0.502404 0.026442 0.274038
0 0.528846 0.483173 0.048077 0.403846
0 0.447115 0.631010 0.048077 0.146635
0 0.774038 0.507212 0.019231 0.240385
