0 0.217548 0.334135 0.060096 0.269231
0 0.471154 0.487981 0.072115 0.235577
0 0.468750 0.288462 0.067308 0.144231
0 0.275240 0.337740 0.055288 0.257212
0 0.849760 0.688702 0.064904 0.151442
0 0.399038 0.794471 0.038462 0.194712
0 0.530048 0.872596 0.088942 0.245192
0 0.171875 0.683894 0.060096 0.050481
0 0.403846 0.493990 0.072115 0.252404
0 0.301683 0.705529 0.079327 0.146635
0 0.228365 0.697115 0.057692 0.096154
0 0.592548 0.460337 0.069712 0.290865
0 0.800481 0.275240 0.057692 0.141827
0 0.532452 0.454327 0.045673 0.274038
0 0.397837 0.277644 0.069712 0.151442
0 0.862981 0.266827 0.062500 0.149038
0 0.788462 0.623798 0.057692 0.055288
0 0.705529 0.584135 0.098558 0.105769
0 0.453125 0.831731 0.064904 0.216346
0 0.680288 0.302885 0.052885 0.149038
0 0.735577 0.294471 0.057692 0.156250
