0 0.230769 0.697115 0.057692 0.100962
0 0.451923 0.817308 0.067308 0.240385
0 0.472356 0.487981 0.069712 0.235577
0 0.468750 0.287260 0.067308 0.146635
0 0.528846 0.866587 0.086538 0.252404
0 0.514423 0.737981 0.004808 0.009615
0 0.223558 0.337740 0.067308 0.266827
0 0.592548 0.460337 0.069712 0.290865
0 0.800481 0.271635 0.057692 0.144231
0 0.400240 0.277644 0.074519 0.151442
0 0.859375 0.264423 0.064904 0.149038
0 0.680288 0.301683 0.052885 0.151442
0 0.733173 0.290865 0.062500 0.158654
0 0.401442 0.493990 0.067308 0.252404
