0 0.471154 0.487981 0.067308 0.235577
0 0.467548 0.288462 0.064904 0.144231
0 0.277644 0.338942 0.055288 0.254808
0 0.849760 0.689904 0.064904 0.149038
0 0.397837 0.794471 0.036058 0.194712
0 0.530048 0.871394 0.088942 0.242788
0 0.170673 0.681490 0.057692 0.050481
0 0.402644 0.493990 0.069712 0.252404
0 0.217548 0.334135 0.060096 0.269231
0 0.302885 0.705529 0.076923 0.141827
0 0.227163 0.695913 0.055288 0.098558
0 0.592548 0.460337 0.069712 0.290865
0 0.801683 0.275240 0.055288 0.141827
0 0.532452 0.455529 0.045673 0.271635
0 0.397837 0.276442 0.069712 0.149038
0 0.862981 0.266827 0.062500 0.149038
0 0.705529 0.584135 0.098558 0.105769
0 0.454327 0.832933 0.062500 0.213942
0 0.679087 0.301683 0.050481 0.146635
0 0.734375 0.294471 0.055288 0.151442
