0 0.777644 0.322115 0.069712 0.225962
0 0.525240 0.358173 0.055288 0.187500
0 0.707933 0.330529 0.060096 0.213942
0 0.381010 0.689904 0.093750 0.182692
0 0.010817 0.800481 0.021635 0.389423
0 0.298077 0.289663 0.062500 0.209135
0 0.457933 0.673077 0.007212 0.033654
0 0.462740 0.596154 0.021635 0.091346
0 0.263221 0.807692 0.132212 0.278846
0 0.478365 0.362981 0.043269 0.177885
0 0.193510 0.296875 0.156250 0.387019
0 0.395433 0.350962 0.040865 0.216346
0 0.353365 0.307692 0.052885 0.182692
0 0.486779 0.582933 0.031250 0.074519
0 0.437500 0.650240 0.033654 0.137019
0 0.432692 0.358173 0.043269 0.197115
