0 0.777644 0.323317 0.069712 0.228365
0 0.524038 0.358173 0.052885 0.187500
0 0.709135 0.331731 0.062500 0.211538
0 0.381010 0.687500 0.088942 0.187500
0 0.010817 0.831731 0.021635 0.326923
0 0.298077 0.288462 0.062500 0.206731
0 0.437500 0.649038 0.033654 0.139423
0 0.457933 0.673077 0.007212 0.033654
0 0.462740 0.596154 0.021635 0.091346
0 0.263221 0.808894 0.132212 0.276442
0 0.478365 0.362981 0.043269 0.177885
0 0.193510 0.296875 0.156250 0.387019
0 0.394231 0.350962 0.038462 0.216346
0 0.353365 0.306490 0.052885 0.180288
0 0.487981 0.582933 0.028846 0.074519
0 0.433894 0.356971 0.045673 0.194712
