0 0.932692 0.290865 0.100962 0.302885
0 0.644231 0.298077 0.110577 0.278846
0 0.811298 0.784856 0.098558 0.199519
0 0.493990 0.793269 0.069712 0.274038
0 0.545673 0.741587 0.033654 0.262019
0 0.472356 0.293269 0.040865 0.288462
0 0.953125 0.772837 0.050481 0.262019
0 0.417067 0.865385 0.074519 0.264423
0 0.829327 0.188702 0.096154 0.088942
0 0.640625 0.762019 0.055288 0.192308
0 0.342548 0.889423 0.093750 0.216346
0 0.426683 0.283654 0.050481 0.312500
0 0.893029 0.794471 0.060096 0.199519
0 0.001202 0.985577 0.002404 0.004808
0 0.003606 0.832933 0.002404 0.002404
0 0.097356 0.598558 0.194712 0.793269
0 0.715144 0.771635 0.093750 0.192308
0 0.587740 0.731971 0.045673 0.228365
0 0.058894 0.104567 0.117788 0.209135
0 0.540865 0.298077 0.086538 0.278846
0 0.735577 0.192308 0.086538 0.081731
