0 0.932692 0.290865 0.105769 0.302885
0 0.492788 0.795673 0.072115 0.278846
0 0.342548 0.889423 0.093750 0.216346
0 0.355769 0.993990 0.009615 0.002404
0 0.417067 0.867788 0.074519 0.259615
0 0.641827 0.299279 0.105769 0.276442
0 0.546875 0.743990 0.031250 0.257212
0 0.893029 0.794471 0.060096 0.199519
0 0.472356 0.290865 0.040865 0.288462
0 0.953125 0.772837 0.050481 0.257212
0 0.829327 0.188702 0.096154 0.084135
0 0.639423 0.762019 0.052885 0.192308
0 0.426683 0.283654 0.050481 0.312500
0 0.007212 0.581731 0.004808 0.009615
0 0.008413 0.513221 0.007212 0.012019
0 0.097356 0.598558 0.194712 0.798077
0 0.812500 0.784856 0.096154 0.199519
0 0.715144 0.772837 0.093750 0.189904
0 0.586538 0.733173 0.043269 0.230769
0 0.058894 0.103365 0.117788 0.206731
0 0.540865 0.298077 0.086538 0.278846
0 0.735577 0.193510 0.086538 0.084135
