0 0.932692 0.290865 0.100962 0.302885
0 0.417067 0.865385 0.074519 0.264423
0 0.646635 0.298077 0.115385 0.278846
0 0.545673 0.742788 0.033654 0.259615
0 0.811298 0.784856 0.098558 0.199519
0 0.472356 0.292067 0.040865 0.290865
0 0.954327 0.772837 0.048077 0.262019
0 0.829327 0.189904 0.096154 0.086538
0 0.639423 0.763221 0.052885 0.189904
0 0.342548 0.889423 0.093750 0.216346
0 0.426683 0.282452 0.050481 0.314904
0 0.493990 0.794471 0.069712 0.276442
0 0.893029 0.794471 0.060096 0.199519
0 0.020433 0.941106 0.002404 0.007212
0 0.001202 0.914663 0.002404 0.002404
0 0.004808 0.888221 0.004808 0.002404
0 0.097356 0.598558 0.194712 0.798077
0 0.715144 0.772837 0.093750 0.189904
0 0.587740 0.731971 0.045673 0.228365
0 0.058894 0.103365 0.117788 0.206731
0 0.540865 0.298077 0.086538 0.278846
0 0.735577 0.192308 0.086538 0.081731
