0 0.193510 0.311298 0.007212 0.007212
0 0.204327 0.293269 0.004808 0.009615
0 0.192308 0.288462 0.004808 0.014423
0 0.200721 0.268029 0.016827 0.012019
0 0.193510 0.256010 0.002404 0.002404
0 0.209135 0.247596 0.004808 0.009615
0 0.218750 0.183894 0.004808 0.002404
0 0.197115 0.213942 0.028846 0.062500
0 0.194712 0.168269 0.004808 0.009615
0 0.191106 0.159856 0.007212 0.007212
0 0.191106 0.147837 0.007212 0.007212
0 0.206731 0.138221 0.009615 0.021635
0 0.213942 0.116587 0.004808 0.002404
0 0.206731 0.100962 0.009615 0.014423
0 0.283654 0.498798 0.216346 0.997596
