0 0.800481 0.498798 0.197115 0.997596
0 0.974760 0.301683 0.002404 0.002404
0 0.942308 0.067308 0.004808 0.004808
0 0.972356 0.500000 0.050481 0.995192
0 0.993990 0.938702 0.002404 0.016827
0 0.974760 0.925481 0.016827 0.024038
0 0.978365 0.873798 0.014423 0.026442
0 0.978365 0.850962 0.014423 0.004808
0 0.983173 0.780048 0.004808 0.002404
0 0.995192 0.774038 0.004808 0.014423
0 0.971154 0.712740 0.004808 0.012019
0 0.989183 0.693510 0.016827 0.021635
0 0.979567 0.622596 0.002404 0.004808
0 0.989183 0.626202 0.007212 0.026442
0 0.979567 0.608173 0.002404 0.009615
0 0.989183 0.597356 0.007212 0.012019
0 0.984375 0.371394 0.002404 0.002404
0 0.931490 0.500000 0.127404 0.995192
