0 0.292067 0.188702 0.002404 0.012019
0 0.462740 0.509615 0.353365 0.841346
0 0.959135 0.875000 0.009615 0.009615
0 0.973558 0.818510 0.009615 0.007212
0 0.984375 0.776442 0.002404 0.004808
0 0.860577 0.510817 0.274038 0.853365
0 0.920673 0.073317 0.019231 0.016827
0 0.967548 0.054087 0.002404 0.002404
0 0.472356 0.921875 0.002404 0.002404
0 0.484375 0.920673 0.012019 0.004808
0 0.436298 0.905048 0.031250 0.012019
0 0.463942 0.891827 0.004808 0.004808
0 0.493990 0.817308 0.012019 0.014423
0 0.381010 0.812500 0.016827 0.004808
0 0.554087 0.807692 0.012019 0.009615
0 0.530048 0.778846 0.007212 0.004808
0 0.525240 0.762019 0.036058 0.024038
0 0.448317 0.731971 0.002404 0.002404
0 0.538462 0.729567 0.009615 0.007212
0 0.469952 0.707933 0.002404 0.012019
0 0.524038 0.699519 0.024038 0.028846
0 0.359375 0.688702 0.002404 0.021635
0 0.463942 0.640625 0.004808 0.002404
0 0.575721 0.639423 0.002404 0.004808
0 0.546875 0.602163 0.007212 0.002404
0 0.576923 0.586538 0.009615 0.014423
0 0.469952 0.539663 0.002404 0.002404
0 0.500000 0.528846 0.009615 0.014423
0 0.358173 0.518029 0.004808 0.002404
0 0.531250 0.502404 0.004808 0.004808
0 0.502404 0.500000 0.019231 0.009615
0 0.495192 0.489183 0.009615 0.002404
0 0.451923 0.496394 0.004808 0.016827
0 0.578125 0.485577 0.012019 0.014423
0 0.576923 0.472356 0.004808 0.002404
0 0.368990 0.417067 0.002404 0.002404
0 0.461538 0.465144 0.456731 0.930288
0 0.467548 0.354567 0.012019 0.007212
0 0.463942 0.639423 0.312500 0.581731
