0 0.057692 0.192308 0.115385 0.384615
0 0.409856 0.819712 0.151442 0.355769
0 0.671875 0.659856 0.026442 0.185096
0 0.680288 0.371394 0.004808 0.007212
0 0.671875 0.269231 0.026442 0.158654
0 0.026442 0.908654 0.052885 0.177885
0 0.138221 0.871394 0.180288 0.252404
0 0.337740 0.201923 0.108173 0.403846
0 0.670673 0.508413 0.028846 0.122596
0 0.288462 0.848558 0.115385 0.298077
0 0.200721 0.193510 0.156250 0.387019
0 0.501202 0.787260 0.060096 0.343750
0 0.420673 0.216346 0.067308 0.399038
0 0.443510 0.218750 0.108173 0.403846
0 0.474760 0.240385 0.050481 0.360577
