0 0.691106 0.290865 0.026442 0.182692
0 0.070913 0.194712 0.141827 0.389423
0 0.447115 0.224760 0.067308 0.391827
0 0.691106 0.659856 0.026442 0.180288
0 0.046875 0.907452 0.093750 0.180288
0 0.316106 0.847356 0.112981 0.300481
0 0.524038 0.780048 0.062500 0.329327
0 0.168269 0.868990 0.177885 0.252404
0 0.356971 0.205529 0.108173 0.411058
0 0.128606 0.870192 0.257212 0.254808
0 0.224760 0.199519 0.146635 0.399038
0 0.438702 0.819712 0.141827 0.355769
0 0.467548 0.227163 0.108173 0.391827
0 0.497596 0.248798 0.048077 0.353365
