0 0.058894 0.192308 0.117788 0.384615
0 0.382212 0.828125 0.100962 0.338942
0 0.670673 0.664663 0.028846 0.194712
0 0.025240 0.909856 0.050481 0.175481
0 0.671875 0.284856 0.026442 0.185096
0 0.478365 0.805288 0.105769 0.379808
0 0.139423 0.872596 0.177885 0.250000
0 0.340144 0.203125 0.108173 0.406250
0 0.288462 0.849760 0.115385 0.295673
0 0.224760 0.379808 0.012019 0.004808
0 0.199519 0.191106 0.153846 0.382212
0 0.502404 0.783654 0.057692 0.336538
0 0.421875 0.215144 0.064904 0.401442
0 0.936298 0.338942 0.122596 0.274038
0 0.457933 0.819712 0.064904 0.355769
0 0.443510 0.216346 0.108173 0.403846
0 0.471154 0.240385 0.052885 0.355769
0 0.673077 0.509615 0.028846 0.120192
