0 0.355769 0.861779 0.024038 0.266827
0 0.889423 0.569712 0.177885 0.697115
0 0.254808 0.947115 0.062500 0.100962
0 0.316106 0.890625 0.055288 0.213942
0 0.750000 0.590144 0.004808 0.007212
0 0.735577 0.569712 0.009615 0.009615
0 0.754808 0.567308 0.019231 0.028846
0 0.746394 0.551683 0.002404 0.002404
0 0.688702 0.344952 0.002404 0.002404
0 0.688702 0.330529 0.021635 0.012019
0 0.753606 0.568510 0.146635 0.694712
0 0.394231 0.485577 0.158654 0.629808
0 0.588942 0.719952 0.201923 0.233173
0 0.379808 0.806490 0.024038 0.237981
