0 0.967548 0.805288 0.002404 0.004808
0 0.941106 0.768029 0.060096 0.036058
0 0.983173 0.751202 0.004808 0.007212
0 0.935096 0.748798 0.004808 0.002404
0 0.957933 0.737981 0.002404 0.004808
0 0.954327 0.722356 0.009615 0.012019
0 0.930288 0.709135 0.004808 0.004808
0 0.937500 0.704327 0.014423 0.009615
0 0.972356 0.695913 0.012019 0.007212
0 0.985577 0.651442 0.014423 0.009615
0 0.731971 0.498798 0.531250 0.997596
0 0.542067 0.165865 0.127404 0.331731
0 0.913462 0.899038 0.004808 0.004808
0 0.913462 0.837740 0.033654 0.050481
0 0.485577 0.568510 0.004808 0.007212
0 0.707933 0.074519 0.002404 0.014423
0 0.729567 0.498798 0.536058 0.997596
0 0.538462 0.168269 0.134615 0.336538
