0 0.987981 0.944712 0.009615 0.004808
0 0.912260 0.868990 0.007212 0.021635
0 0.931490 0.868990 0.021635 0.026442
0 0.957933 0.801683 0.007212 0.012019
0 0.926683 0.772837 0.060096 0.079327
0 0.955529 0.722356 0.002404 0.002404
0 0.926683 0.710337 0.007212 0.012019
0 0.640625 0.104567 0.021635 0.016827
0 0.497596 0.028846 0.004808 0.009615
0 0.510817 0.015625 0.002404 0.002404
0 0.730769 0.498798 0.533654 0.997596
0 0.551683 0.161058 0.093750 0.322115
0 0.889423 0.983173 0.028846 0.028846
0 0.871394 0.943510 0.012019 0.012019
0 0.338942 0.252404 0.019231 0.014423
0 0.431490 0.197115 0.007212 0.009615
0 0.638221 0.103365 0.031250 0.019231
0 0.734375 0.067308 0.002404 0.004808
0 0.711538 0.057692 0.014423 0.028846
0 0.724760 0.498798 0.545673 0.997596
0 0.536058 0.164663 0.129808 0.329327
