0 0.831731 0.986779 0.024038 0.016827
0 0.865385 0.985577 0.028846 0.019231
0 0.831731 0.971154 0.004808 0.004808
0 0.884615 0.967548 0.009615 0.012019
0 0.844952 0.961538 0.002404 0.004808
0 0.897837 0.957933 0.031250 0.036058
0 0.615385 0.061298 0.019231 0.021635
0 0.693510 0.004808 0.002404 0.004808
0 0.713942 0.498798 0.567308 0.997596
0 0.501202 0.161058 0.117788 0.322115
0 0.665865 0.054087 0.004808 0.002404
0 0.616587 0.060096 0.021635 0.024038
0 0.721154 0.038462 0.004808 0.009615
0 0.734375 0.006010 0.002404 0.002404
0 0.692308 0.008413 0.004808 0.012019
0 0.712740 0.498798 0.569712 0.997596
0 0.637019 0.001202 0.033654 0.002404
0 0.500000 0.161058 0.120192 0.322115
