0 0.900240 0.875000 0.002404 0.004808
0 0.888221 0.847356 0.002404 0.002404
0 0.917067 0.820913 0.012019 0.012019
0 0.692308 0.008413 0.004808 0.012019
0 0.713942 0.498798 0.567308 0.997596
0 0.501202 0.161058 0.117788 0.322115
0 0.870192 0.991587 0.033654 0.012019
0 0.864183 0.972356 0.021635 0.021635
0 0.915865 0.930288 0.009615 0.004808
0 0.877404 0.931490 0.009615 0.012019
0 0.707933 0.164663 0.002404 0.002404
0 0.623798 0.109375 0.002404 0.002404
0 0.675481 0.050481 0.024038 0.009615
0 0.719952 0.037260 0.007212 0.012019
0 0.735577 0.008413 0.004808 0.007212
0 0.711538 0.498798 0.572115 0.997596
0 0.693510 0.009615 0.007212 0.019231
0 0.622596 0.001202 0.004808 0.002404
0 0.501202 0.162260 0.122596 0.324519
