0 0.823317 0.336538 0.079327 0.197115
0 0.644231 0.353365 0.033654 0.081731
0 0.355769 0.819712 0.086538 0.346154
0 0.088942 0.231971 0.105769 0.194712
0 0.539663 0.385817 0.040865 0.151442
0 0.503606 0.393029 0.026442 0.137019
0 0.823317 0.574519 0.079327 0.269231
0 0.479567 0.389423 0.026442 0.139423
0 0.258413 0.356971 0.045673 0.194712
0 0.959135 0.493990 0.076923 0.257212
0 0.195913 0.490385 0.084135 0.283654
0 0.310096 0.364183 0.052885 0.185096
0 0.188702 0.257212 0.084135 0.173077
0 0.096154 0.495192 0.115385 0.326923
0 0.576923 0.395433 0.024038 0.132212
0 0.699519 0.346154 0.048077 0.153846
0 0.609375 0.360577 0.036058 0.076923
0 0.752404 0.337740 0.052885 0.170673
0 0.140625 0.745192 0.199519 0.221154
