0 0.820913 0.362981 0.079327 0.192308
0 0.638221 0.379808 0.036058 0.086538
0 0.070913 0.257212 0.108173 0.197115
0 0.572115 0.421875 0.038462 0.141827
0 0.492788 0.420673 0.024038 0.144231
0 0.820913 0.604567 0.079327 0.271635
0 0.241587 0.385817 0.045673 0.204327
0 0.957933 0.530048 0.079327 0.300481
0 0.466346 0.418269 0.028846 0.149038
0 0.180288 0.520433 0.086538 0.290865
0 0.296875 0.394231 0.060096 0.192308
0 0.170673 0.284856 0.086538 0.175481
0 0.075721 0.526442 0.117788 0.331731
0 0.692308 0.373798 0.043269 0.156250
0 0.530048 0.412260 0.040865 0.156250
0 0.600962 0.387019 0.038462 0.081731
0 0.747596 0.365385 0.057692 0.173077
0 0.123798 0.781250 0.199519 0.240385
