0 0.820913 0.359375 0.079327 0.194712
0 0.120192 0.526442 0.201923 0.331731
0 0.070913 0.258413 0.108173 0.194712
0 0.530048 0.412260 0.040865 0.156250
0 0.241587 0.385817 0.045673 0.204327
0 0.171875 0.286058 0.084135 0.173077
0 0.491587 0.419471 0.031250 0.151442
0 0.957933 0.554087 0.079327 0.348558
0 0.341346 0.838942 0.086538 0.317308
0 0.180288 0.520433 0.086538 0.290865
0 0.296875 0.394231 0.060096 0.192308
0 0.075721 0.526442 0.117788 0.331731
0 0.691106 0.373798 0.045673 0.156250
0 0.600962 0.388221 0.038462 0.084135
0 0.746394 0.365385 0.060096 0.173077
0 0.123798 0.780048 0.199519 0.237981
