0 0.823317 0.335337 0.079327 0.194712
0 0.644231 0.353365 0.033654 0.081731
0 0.355769 0.822115 0.086538 0.346154
0 0.088942 0.231971 0.105769 0.194712
0 0.539663 0.385817 0.040865 0.151442
0 0.502404 0.393029 0.028846 0.137019
0 0.257212 0.355769 0.043269 0.192308
0 0.445913 0.388221 0.002404 0.002404
0 0.479567 0.389423 0.026442 0.139423
0 0.959135 0.498798 0.076923 0.266827
0 0.195913 0.491587 0.084135 0.286058
0 0.188702 0.258413 0.084135 0.175481
0 0.096154 0.496394 0.115385 0.324519
0 0.576923 0.395433 0.024038 0.132212
0 0.698317 0.344952 0.050481 0.156250
0 0.609375 0.360577 0.036058 0.076923
0 0.752404 0.337740 0.052885 0.170673
0 0.308894 0.364183 0.055288 0.185096
0 0.140625 0.750000 0.199519 0.225962
