0 0.820913 0.362981 0.079327 0.201923
0 0.637019 0.381010 0.033654 0.084135
0 0.342548 0.837740 0.088942 0.319712
0 0.573317 0.423077 0.036058 0.139423
0 0.241587 0.385817 0.045673 0.204327
0 0.069712 0.256010 0.110577 0.199519
0 0.957933 0.522837 0.079327 0.276442
0 0.491587 0.423077 0.026442 0.144231
0 0.170673 0.284856 0.086538 0.175481
0 0.466346 0.415865 0.028846 0.144231
0 0.180288 0.521635 0.086538 0.288462
0 0.295673 0.393029 0.057692 0.189904
0 0.076923 0.525240 0.120192 0.334135
0 0.693510 0.372596 0.045673 0.158654
0 0.723558 0.626202 0.100962 0.108173
0 0.531250 0.414663 0.043269 0.156250
0 0.600962 0.387019 0.038462 0.081731
0 0.747596 0.365385 0.057692 0.173077
0 0.135817 0.679087 0.007212 0.002404
0 0.123798 0.781250 0.204327 0.245192
