0 0.830529 0.225962 0.108173 0.206731
0 0.263221 0.901442 0.007212 0.004808
0 0.224760 0.899038 0.069712 0.197115
0 0.718750 0.667067 0.105769 0.646635
0 0.429087 0.641827 0.117788 0.711538
0 0.189904 0.305288 0.052885 0.331731
0 0.825721 0.550481 0.108173 0.413462
0 0.336538 0.865385 0.086538 0.240385
0 0.144231 0.930288 0.105769 0.134615
0 0.344952 0.314904 0.079327 0.274038
0 0.274038 0.876202 0.043269 0.242788
0 0.259615 0.313702 0.081731 0.286058
0 0.567308 0.638221 0.163462 0.718750
0 0.721154 0.227163 0.110577 0.204327
