0 0.223558 0.896635 0.067308 0.201923
0 0.427885 0.901442 0.004808 0.004808
0 0.336538 0.864183 0.086538 0.237981
0 0.188702 0.302885 0.050481 0.322115
0 0.429087 0.641827 0.117788 0.711538
0 0.828125 0.551683 0.108173 0.420673
0 0.145433 0.930288 0.108173 0.134615
0 0.347356 0.314904 0.079327 0.274038
0 0.274038 0.876202 0.043269 0.242788
0 0.259615 0.314904 0.081731 0.283654
0 0.568510 0.638221 0.165865 0.718750
0 0.716346 0.667067 0.110577 0.651442
0 0.718750 0.228365 0.115385 0.201923
0 0.830529 0.225962 0.108173 0.206731
