0 0.223558 0.896635 0.067308 0.201923
0 0.188702 0.302885 0.050481 0.322115
0 0.429087 0.641827 0.117788 0.711538
0 0.825721 0.551683 0.108173 0.420673
0 0.429087 0.818510 0.002404 0.002404
0 0.336538 0.865385 0.086538 0.240385
0 0.145433 0.930288 0.108173 0.134615
0 0.346154 0.313702 0.081731 0.276442
0 0.274038 0.876202 0.043269 0.242788
0 0.259615 0.314904 0.086538 0.283654
0 0.567308 0.638221 0.163462 0.718750
0 0.716346 0.668269 0.110577 0.649038
0 0.719952 0.228365 0.117788 0.201923
0 0.830529 0.227163 0.108173 0.209135
