0 0.022837 0.888221 0.002404 0.002404
0 0.097356 0.856971 0.002404 0.002404
0 0.137019 0.855769 0.019231 0.038462
0 0.097356 0.825721 0.007212 0.007212
0 0.084135 0.808894 0.004808 0.007212
0 0.098558 0.800481 0.004808 0.004808
0 0.132212 0.795673 0.028846 0.009615
0 0.006010 0.789663 0.002404 0.002404
0 0.097356 0.787260 0.002404 0.002404
0 0.020433 0.786058 0.012019 0.014423
0 0.114183 0.774038 0.012019 0.019231
0 0.109375 0.758413 0.002404 0.002404
0 0.108173 0.750000 0.004808 0.004808
0 0.125000 0.722356 0.004808 0.002404
0 0.067308 0.713942 0.004808 0.004808
0 0.116587 0.698317 0.021635 0.036058
0 0.081731 0.681490 0.014423 0.016827
0 0.070913 0.673077 0.007212 0.004808
0 0.098558 0.669471 0.004808 0.007212
0 0.082933 0.665865 0.007212 0.004808
0 0.145433 0.668269 0.021635 0.028846
0 0.091346 0.647837 0.009615 0.016827
0 0.064904 0.637019 0.024038 0.014423
0 0.143029 0.634615 0.055288 0.024038
0 0.117788 0.618990 0.009615 0.002404
0 0.046875 0.611779 0.002404 0.002404
0 0.108173 0.608173 0.014423 0.009615
0 0.045673 0.592548 0.014423 0.012019
0 0.049279 0.570913 0.007212 0.002404
0 0.049279 0.554087 0.002404 0.002404
0 0.048077 0.544471 0.004808 0.007212
0 0.021635 0.540865 0.004808 0.004808
0 0.008413 0.532452 0.002404 0.002404
0 0.044471 0.531250 0.016827 0.009615
0 0.049279 0.502404 0.007212 0.009615
0 0.022837 0.506010 0.012019 0.016827
0 0.042067 0.481971 0.007212 0.007212
0 0.034856 0.459135 0.007212 0.004808
0 0.075721 0.473558 0.031250 0.043269
0 0.019231 0.436298 0.019231 0.007212
0 0.108173 0.444712 0.028846 0.028846
0 0.021635 0.429087 0.004808 0.002404
0 0.110577 0.424279 0.009615 0.002404
0 0.058894 0.435096 0.026442 0.024038
0 0.051683 0.417067 0.002404 0.002404
0 0.072115 0.415865 0.004808 0.004808
0 0.004808 0.376202 0.004808 0.002404
0 0.106971 0.353365 0.007212 0.014423
0 0.027644 0.348558 0.007212 0.014423
0 0.134615 0.325721 0.014423 0.002404
0 0.151442 0.316106 0.019231 0.021635
0 0.055288 0.240385 0.019231 0.019231
0 0.081731 0.229567 0.004808 0.007212
0 0.150240 0.204327 0.007212 0.009615
0 0.082933 0.174279 0.002404 0.002404
0 0.134615 0.165865 0.004808 0.004808
0 0.151442 0.155048 0.004808 0.012019
0 0.052885 0.070913 0.004808 0.002404
0 0.525240 0.498798 0.944712 0.997596
