0 0.040865 0.977163 0.057692 0.036058
0 0.066106 0.954327 0.007212 0.009615
0 0.056490 0.912260 0.007212 0.007212
0 0.010817 0.908654 0.007212 0.004808
0 0.010817 0.895433 0.007212 0.002404
0 0.022837 0.705529 0.007212 0.007212
0 0.010817 0.703125 0.002404 0.002404
0 0.012019 0.633413 0.004808 0.002404
0 0.015625 0.325721 0.007212 0.002404
0 0.013221 0.314904 0.007212 0.009615
0 0.008413 0.302885 0.002404 0.004808
0 0.069712 0.305288 0.043269 0.019231
0 0.032452 0.286058 0.036058 0.028846
0 0.049279 0.270433 0.016827 0.002404
0 0.177885 0.265625 0.004808 0.007212
0 0.073317 0.264423 0.021635 0.014423
0 0.009615 0.250000 0.009615 0.014423
0 0.026442 0.225962 0.004808 0.004808
0 0.014423 0.206731 0.009615 0.004808
0 0.070913 0.228365 0.069712 0.057692
0 0.153846 0.194712 0.028846 0.019231
0 0.179087 0.162260 0.012019 0.007212
0 0.064904 0.169471 0.110577 0.064904
0 0.135817 0.128606 0.002404 0.002404
0 0.157452 0.159856 0.064904 0.069712
0 0.012019 0.132212 0.014423 0.014423
0 0.043269 0.127404 0.009615 0.009615
0 0.097356 0.127404 0.040865 0.038462
0 0.070913 0.111779 0.012019 0.012019
0 0.013221 0.110577 0.016827 0.019231
0 0.058894 0.088942 0.021635 0.014423
0 0.081731 0.072115 0.004808 0.009615
0 0.018029 0.068510 0.016827 0.007212
0 0.043269 0.069712 0.024038 0.014423
0 0.125000 0.062500 0.004808 0.004808
0 0.109375 0.070913 0.012019 0.036058
0 0.132212 0.055288 0.014423 0.014423
0 0.039663 0.048077 0.007212 0.009615
0 0.020433 0.026442 0.002404 0.004808
0 0.057692 0.030048 0.043269 0.036058
0 0.027644 0.015625 0.007212 0.007212
0 0.096154 0.020433 0.033654 0.026442
0 0.126202 0.009615 0.021635 0.009615
0 0.498798 0.498798 0.997596 0.997596
