0 0.920673 0.977163 0.043269 0.031250
0 0.915865 0.963942 0.004808 0.004808
0 0.891827 0.969952 0.024038 0.021635
0 0.826923 0.960337 0.014423 0.012019
0 0.915865 0.937500 0.004808 0.004808
0 0.893029 0.938702 0.007212 0.007212
0 0.790865 0.932692 0.004808 0.009615
0 0.929087 0.924279 0.002404 0.002404
0 0.945913 0.925481 0.007212 0.009615
0 0.822115 0.923077 0.004808 0.009615
0 0.872596 0.919471 0.009615 0.012019
0 0.929087 0.902644 0.002404 0.002404
0 0.841346 0.933894 0.048077 0.064904
0 0.882212 0.895433 0.014423 0.016827
0 0.853365 0.890625 0.019231 0.012019
0 0.830529 0.890625 0.007212 0.012019
0 0.832933 0.868990 0.012019 0.016827
0 0.820913 0.865385 0.002404 0.009615
0 0.906250 0.866587 0.014423 0.016827
0 0.861779 0.861779 0.026442 0.026442
0 0.925481 0.842548 0.019231 0.007212
0 0.899038 0.847356 0.019231 0.016827
0 0.834135 0.846154 0.014423 0.019231
0 0.951923 0.852163 0.019231 0.050481
0 0.914663 0.818510 0.002404 0.002404
0 0.817308 0.817308 0.004808 0.004808
0 0.891827 0.822115 0.014423 0.019231
0 0.929087 0.804087 0.002404 0.002404
0 0.906250 0.800481 0.024038 0.009615
0 0.862981 0.799279 0.009615 0.012019
0 0.960337 0.796875 0.007212 0.012019
0 0.844952 0.790865 0.002404 0.004808
0 0.808894 0.788462 0.002404 0.004808
0 0.834135 0.790865 0.009615 0.043269
0 0.889423 0.774038 0.024038 0.014423
0 0.846154 0.762019 0.004808 0.004808
0 0.923077 0.756010 0.019231 0.016827
0 0.883413 0.750000 0.007212 0.004808
0 0.957933 0.753606 0.031250 0.055288
0 0.818510 0.724760 0.002404 0.012019
0 0.860577 0.722356 0.028846 0.016827
0 0.888221 0.716346 0.002404 0.009615
0 0.835337 0.712740 0.016827 0.040865
0 0.955529 0.692308 0.007212 0.004808
0 0.870192 0.694712 0.038462 0.019231
0 0.918269 0.704327 0.033654 0.048077
0 0.963942 0.697115 0.028846 0.048077
0 0.925481 0.673077 0.009615 0.004808
0 0.901442 0.675481 0.004808 0.009615
0 0.951923 0.651442 0.019231 0.009615
0 0.835337 0.643029 0.002404 0.007212
0 0.907452 0.620192 0.007212 0.004808
0 0.909856 0.611779 0.007212 0.002404
0 0.887019 0.633413 0.062500 0.050481
0 0.912260 0.604567 0.012019 0.002404
0 0.932692 0.592548 0.004808 0.002404
0 0.861779 0.584135 0.007212 0.014423
0 0.953125 0.568510 0.002404 0.002404
0 0.902644 0.568510 0.012019 0.002404
0 0.388221 0.568510 0.002404 0.002404
0 0.920673 0.531250 0.028846 0.038462
0 0.694712 0.754808 0.427885 0.485577
0 0.859375 0.497596 0.002404 0.009615
0 0.877404 0.481971 0.009615 0.016827
0 0.941106 0.447115 0.021635 0.028846
0 0.893029 0.455529 0.050481 0.050481
0 0.856971 0.437500 0.045673 0.100962
0 0.890625 0.383413 0.016827 0.026442
0 0.876202 0.359375 0.002404 0.002404
0 0.921875 0.367788 0.021635 0.024038
0 0.861779 0.360577 0.012019 0.014423
0 0.942308 0.349760 0.004808 0.002404
0 0.887019 0.344952 0.014423 0.012019
0 0.965144 0.500000 0.060096 0.326923
0 0.836538 0.316106 0.004808 0.007212
0 0.837740 0.304087 0.007212 0.007212
0 0.855769 0.318510 0.024038 0.045673
0 0.903846 0.314904 0.052885 0.048077
0 0.926683 0.277644 0.007212 0.007212
0 0.929087 0.268029 0.002404 0.002404
0 0.908654 0.258413 0.004808 0.002404
0 0.926683 0.234375 0.007212 0.002404
0 0.968750 0.275240 0.048077 0.108173
0 0.968750 0.209135 0.004808 0.004808
0 0.967548 0.197115 0.012019 0.009615
0 0.986779 0.201923 0.012019 0.028846
0 0.969952 0.181490 0.002404 0.002404
0 0.924279 0.164663 0.007212 0.007212
0 0.941106 0.164663 0.007212 0.016827
0 0.496394 0.498798 0.992788 0.997596
