0 0.576923 0.141827 0.043269 0.216346
0 0.477163 0.120192 0.055288 0.240385
0 0.060096 0.734375 0.120192 0.377404
0 0.514423 0.562500 0.048077 0.206731
0 0.531250 0.127404 0.048077 0.240385
0 0.324519 0.639423 0.110577 0.298077
0 0.191106 0.689904 0.146635 0.346154
0 0.359375 0.164663 0.002404 0.002404
0 0.419471 0.115385 0.064904 0.230769
0 0.750000 0.069712 0.086538 0.125000
0 0.596154 0.141827 0.081731 0.221154
0 0.806490 0.063702 0.021635 0.117788
0 0.527644 0.561298 0.069712 0.209135
0 0.437500 0.570913 0.105769 0.305288
0 0.549279 0.554087 0.031250 0.194712
0 0.669471 0.138221 0.064904 0.223558
