0 0.477163 0.120192 0.055288 0.240385
0 0.515625 0.561298 0.045673 0.204327
0 0.060096 0.734375 0.120192 0.377404
0 0.531250 0.127404 0.048077 0.240385
0 0.323317 0.639423 0.108173 0.298077
0 0.191106 0.689904 0.151442 0.346154
0 0.419471 0.115385 0.064904 0.230769
0 0.748798 0.070913 0.088942 0.122596
0 0.807692 0.062500 0.024038 0.120192
0 0.596154 0.141827 0.081731 0.221154
0 0.526442 0.561298 0.067308 0.209135
0 0.436298 0.572115 0.103365 0.307692
0 0.578125 0.141827 0.045673 0.221154
0 0.549279 0.552885 0.031250 0.192308
0 0.669471 0.138221 0.064904 0.228365
