0 0.290865 0.058894 0.004808 0.012019
0 0.323317 0.024038 0.007212 0.014423
0 0.320913 0.006010 0.002404 0.012019
0 0.174279 0.330529 0.348558 0.661058
0 0.623798 0.379808 0.002404 0.004808
0 0.707933 0.377404 0.002404 0.004808
0 0.695913 0.378606 0.007212 0.007212
0 0.668269 0.368990 0.004808 0.002404
0 0.617788 0.353365 0.004808 0.014423
0 0.711538 0.335337 0.009615 0.002404
0 0.693510 0.342548 0.007212 0.016827
0 0.677885 0.341346 0.014423 0.014423
0 0.760817 0.173077 0.007212 0.009615
0 0.558894 0.497596 0.454327 0.995192
