0 0.319712 0.169471 0.014423 0.016827
0 0.325721 0.116587 0.002404 0.002404
0 0.324519 0.081731 0.004808 0.004808
0 0.322115 0.067308 0.004808 0.009615
0 0.319712 0.034856 0.009615 0.040865
0 0.170673 0.344952 0.341346 0.670673
0 0.750000 0.419471 0.004808 0.007212
0 0.750000 0.402644 0.004808 0.007212
0 0.770433 0.399038 0.002404 0.004808
0 0.750000 0.390625 0.004808 0.007212
0 0.777644 0.361779 0.002404 0.007212
0 0.768029 0.350962 0.007212 0.004808
0 0.783654 0.271635 0.028846 0.028846
0 0.740385 0.204327 0.009615 0.009615
0 0.748798 0.157452 0.002404 0.002404
0 0.557692 0.503606 0.456731 0.983173
