0 0.639423 0.438702 0.302885 0.598558
0 0.287260 0.391827 0.127404 0.783654
0 0.316106 0.751202 0.002404 0.002404
0 0.332933 0.728365 0.021635 0.057692
0 0.328125 0.623798 0.012019 0.007212
0 0.318510 0.585337 0.002404 0.002404
0 0.318510 0.551683 0.012019 0.021635
0 0.318510 0.528846 0.007212 0.004808
0 0.326923 0.496394 0.004808 0.007212
0 0.304087 0.394231 0.012019 0.028846
0 0.294471 0.296875 0.007212 0.021635
0 0.296875 0.268029 0.002404 0.007212
0 0.304087 0.246394 0.016827 0.016827
0 0.292067 0.152644 0.031250 0.040865
0 0.283654 0.087740 0.004808 0.007212
0 0.290865 0.061298 0.014423 0.021635
0 0.171875 0.496394 0.343750 0.992788
