0 0.638221 0.438702 0.305288 0.598558
0 0.287260 0.390625 0.127404 0.781250
0 0.334135 0.729567 0.024038 0.050481
0 0.311298 0.631010 0.002404 0.002404
0 0.318510 0.584135 0.002404 0.004808
0 0.319712 0.552885 0.014423 0.048077
0 0.311298 0.513221 0.002404 0.002404
0 0.298077 0.509615 0.009615 0.009615
0 0.302885 0.395433 0.009615 0.026442
0 0.298077 0.270433 0.004808 0.016827
0 0.304087 0.248798 0.016827 0.012019
0 0.287260 0.236779 0.002404 0.007212
0 0.304087 0.165865 0.002404 0.004808
0 0.283654 0.162260 0.004808 0.012019
0 0.274038 0.114183 0.024038 0.021635
0 0.295673 0.067308 0.004808 0.004808
0 0.171875 0.496394 0.343750 0.992788
