0 0.639423 0.438702 0.302885 0.598558
0 0.286058 0.391827 0.125000 0.783654
0 0.323317 0.600962 0.026442 0.033654
0 0.311298 0.497596 0.002404 0.004808
0 0.301683 0.367788 0.016827 0.024038
0 0.299279 0.318510 0.002404 0.002404
0 0.282452 0.299279 0.002404 0.002404
0 0.299279 0.275240 0.021635 0.021635
0 0.289663 0.227163 0.002404 0.002404
0 0.302885 0.200721 0.004808 0.002404
0 0.292067 0.161058 0.021635 0.024038
0 0.282452 0.126202 0.002404 0.002404
0 0.299279 0.109375 0.007212 0.007212
0 0.289663 0.094952 0.012019 0.012019
0 0.296875 0.068510 0.002404 0.002404
0 0.292067 0.055288 0.007212 0.009615
0 0.171875 0.496394 0.343750 0.992788
