0 0.587740 0.239183 0.151442 0.353365
0 0.799279 0.593750 0.223558 0.278846
0 0.356971 0.354567 0.088942 0.444712
0 0.088942 0.914663 0.004808 0.002404
0 0.088942 0.852163 0.004808 0.016827
0 0.048077 0.780048 0.067308 0.425481
0 0.222356 0.961538 0.060096 0.072115
0 0.225962 0.256010 0.057692 0.161058
0 0.175481 0.263221 0.043269 0.141827
0 0.759615 0.180288 0.187500 0.331731
0 0.860577 0.313702 0.004808 0.002404
0 0.924279 0.175481 0.146635 0.350962
0 0.456731 0.252404 0.110577 0.302885
0 0.283654 0.354567 0.067308 0.391827
0 0.164663 0.931490 0.045673 0.132212
