0 0.700721 0.498798 0.593750 0.997596
0 0.417067 0.987981 0.002404 0.004808
0 0.003606 0.388221 0.007212 0.007212
0 0.054087 0.354567 0.012019 0.007212
0 0.003606 0.365385 0.007212 0.028846
0 0.073317 0.328125 0.007212 0.002404
0 0.056490 0.328125 0.007212 0.007212
0 0.004808 0.328125 0.009615 0.031250
0 0.020433 0.299279 0.040865 0.031250
0 0.052885 0.275240 0.048077 0.074519
0 0.052885 0.224760 0.038462 0.031250
0 0.013221 0.230769 0.026442 0.067308
0 0.025240 0.163462 0.007212 0.009615
0 0.008413 0.162260 0.016827 0.031250
0 0.051683 0.170673 0.040865 0.052885
0 0.033654 0.137019 0.004808 0.004808
0 0.062500 0.123798 0.019231 0.016827
0 0.025240 0.105769 0.007212 0.024038
0 0.008413 0.062500 0.016827 0.086538
0 0.209135 0.498798 0.418269 0.997596
0 0.040865 0.052885 0.081731 0.105769
