0 0.604567 0.868990 0.002404 0.002404
0 0.662260 0.818510 0.012019 0.007212
0 0.604567 0.758413 0.026442 0.026442
0 0.677885 0.693510 0.004808 0.002404
0 0.640625 0.692308 0.007212 0.004808
0 0.664663 0.701923 0.007212 0.033654
0 0.665865 0.656250 0.009615 0.024038
0 0.614183 0.667067 0.026442 0.064904
0 0.713942 0.498798 0.567308 0.997596
0 0.037260 0.989183 0.002404 0.002404
0 0.028846 0.799279 0.009615 0.002404
0 0.076923 0.671875 0.004808 0.012019
0 0.088942 0.605769 0.004808 0.004808
0 0.088942 0.597356 0.004808 0.002404
0 0.013221 0.385817 0.012019 0.012019
0 0.027644 0.332933 0.021635 0.016827
0 0.012019 0.320913 0.014423 0.012019
0 0.052885 0.319712 0.019231 0.019231
0 0.028846 0.292067 0.004808 0.016827
0 0.013221 0.256010 0.002404 0.002404
0 0.016827 0.237981 0.004808 0.009615
0 0.027644 0.206731 0.002404 0.004808
0 0.064904 0.183894 0.014423 0.016827
0 0.027644 0.175481 0.002404 0.004808
0 0.020433 0.174279 0.002404 0.002404
0 0.020433 0.123798 0.007212 0.002404
0 0.057692 0.090144 0.004808 0.002404
0 0.061298 0.044471 0.016827 0.016827
0 0.056490 0.006010 0.026442 0.007212
0 0.508413 0.498798 0.978365 0.997596
