0 0.502404 0.248798 0.057692 0.069712
0 0.094952 0.270433 0.050481 0.204327
0 0.682692 0.497596 0.129808 0.125000
0 0.252404 0.282452 0.048077 0.161058
0 0.296875 0.286058 0.036058 0.149038
0 0.292067 0.598558 0.031250 0.134615
0 0.441106 0.250000 0.055288 0.072115
0 0.200721 0.278846 0.050481 0.173077
0 0.251202 0.615385 0.045673 0.153846
0 0.338942 0.292067 0.043269 0.146635
0 0.149038 0.275240 0.048077 0.189904
0 0.578125 0.295673 0.084135 0.163462
0 0.385817 0.293269 0.045673 0.153846
0 0.688702 0.371394 0.141827 0.122596
