0 0.502404 0.246394 0.057692 0.069712
0 0.098558 0.270433 0.052885 0.199519
0 0.682692 0.500000 0.129808 0.129808
0 0.252404 0.282452 0.048077 0.161058
0 0.295673 0.287260 0.033654 0.146635
0 0.442308 0.248798 0.057692 0.069712
0 0.251202 0.615385 0.045673 0.153846
0 0.340144 0.292067 0.045673 0.146635
0 0.200721 0.278846 0.050481 0.173077
0 0.149038 0.274038 0.048077 0.187500
0 0.580529 0.294471 0.084135 0.161058
0 0.387019 0.292067 0.043269 0.151442
0 0.290865 0.598558 0.028846 0.134615
0 0.687500 0.371394 0.134615 0.122596
