0 0.502404 0.246394 0.057692 0.069712
0 0.097356 0.269231 0.050481 0.201923
0 0.681490 0.500000 0.127404 0.129808
0 0.911058 0.364183 0.149038 0.377404
0 0.253606 0.282452 0.045673 0.161058
0 0.295673 0.286058 0.033654 0.149038
0 0.442308 0.248798 0.057692 0.069712
0 0.250000 0.614183 0.043269 0.151442
0 0.149038 0.274038 0.048077 0.187500
0 0.340144 0.290865 0.045673 0.149038
0 0.200721 0.278846 0.050481 0.173077
0 0.580529 0.294471 0.084135 0.161058
0 0.387019 0.292067 0.043269 0.151442
0 0.290865 0.597356 0.028846 0.132212
0 0.687500 0.371394 0.134615 0.122596
