0 0.462740 0.534856 0.002404 0.002404
0 0.443510 0.493990 0.108173 0.108173
0 0.518029 0.408654 0.007212 0.057692
0 0.545673 0.358173 0.062500 0.283654
0 0.307692 0.442308 0.057692 0.274038
0 0.278846 0.277644 0.004808 0.016827
0 0.287260 0.256010 0.002404 0.002404
0 0.258413 0.681490 0.074519 0.435096
0 0.188702 0.817308 0.040865 0.254808
0 0.152644 0.876202 0.055288 0.242788
0 0.092548 0.132212 0.055288 0.173077
0 0.022837 0.425481 0.002404 0.004808
0 0.003606 0.014423 0.002404 0.004808
0 0.039663 0.210337 0.079327 0.420673
0 0.633413 0.441106 0.074519 0.257212
0 0.242788 0.361779 0.072115 0.237981
