0 0.463942 0.532452 0.009615 0.012019
0 0.443510 0.495192 0.108173 0.105769
0 0.774038 0.057692 0.048077 0.115385
0 0.545673 0.358173 0.062500 0.278846
0 0.014423 0.264423 0.028846 0.288462
0 0.008413 0.056490 0.016827 0.098558
0 0.259615 0.682692 0.072115 0.432692
0 0.123798 0.044471 0.040865 0.088942
0 0.188702 0.817308 0.040865 0.254808
0 0.155048 0.871394 0.060096 0.252404
0 0.306490 0.436298 0.060096 0.286058
0 0.324519 0.276442 0.004808 0.004808
0 0.323317 0.262019 0.007212 0.014423
0 0.298077 0.271635 0.048077 0.052885
0 0.775240 0.247596 0.050481 0.269231
0 0.134615 0.135817 0.038462 0.088942
0 0.092548 0.131010 0.055288 0.180288
0 0.042067 0.205529 0.074519 0.411058
0 0.634615 0.442308 0.072115 0.259615
0 0.629808 0.203125 0.072115 0.185096
0 0.243990 0.361779 0.074519 0.237981
