0 0.355769 0.896635 0.019231 0.024038
0 0.356971 0.844952 0.021635 0.021635
0 0.349760 0.832933 0.002404 0.002404
0 0.360577 0.807692 0.004808 0.004808
0 0.353365 0.774038 0.014423 0.009615
0 0.344952 0.760817 0.007212 0.007212
0 0.354567 0.575721 0.002404 0.002404
0 0.362981 0.407452 0.004808 0.002404
0 0.354567 0.350962 0.016827 0.024038
0 0.352163 0.330529 0.007212 0.007212
0 0.353365 0.310096 0.009615 0.009615
0 0.352163 0.299279 0.002404 0.002404
0 0.508413 0.294471 0.016827 0.007212
0 0.566106 0.293269 0.016827 0.009615
0 0.415865 0.284856 0.004808 0.002404
0 0.503606 0.258413 0.007212 0.002404
0 0.456731 0.265625 0.072115 0.040865
0 0.391827 0.259615 0.038462 0.038462
0 0.353365 0.170673 0.014423 0.019231
0 0.429087 0.069712 0.002404 0.004808
0 0.622596 0.472356 0.235577 0.944712
0 0.481971 0.004808 0.165865 0.009615
0 0.306490 0.496394 0.122596 0.992788
0 0.490385 0.461538 0.355769 0.923077
