0 0.615385 0.818510 0.004808 0.007212
0 0.769231 0.498798 0.379808 0.997596
0 0.153846 0.498798 0.293269 0.997596
0 0.460337 0.939904 0.223558 0.115385
0 0.336538 0.866587 0.004808 0.016827
0 0.340144 0.793269 0.012019 0.110577
0 0.337740 0.705529 0.021635 0.055288
0 0.316106 0.542067 0.002404 0.002404
0 0.310096 0.342548 0.014423 0.026442
0 0.314904 0.310096 0.004808 0.004808
0 0.510817 0.230769 0.012019 0.009615
0 0.415865 0.165865 0.004808 0.004808
0 0.387019 0.167067 0.033654 0.012019
0 0.409856 0.086538 0.127404 0.081731
0 0.480769 0.110577 0.125000 0.221154
0 0.354567 0.146635 0.103365 0.293269
