0 0.289663 0.861779 0.002404 0.002404
0 0.409856 0.923077 0.228365 0.149038
0 0.254808 0.247596 0.004808 0.004808
0 0.457933 0.176683 0.026442 0.012019
0 0.265625 0.182692 0.016827 0.086538
0 0.335337 0.118990 0.012019 0.012019
0 0.330529 0.097356 0.002404 0.002404
0 0.389423 0.016827 0.019231 0.009615
0 0.313702 0.003606 0.007212 0.002404
0 0.451923 0.086538 0.086538 0.173077
0 0.366587 0.036058 0.108173 0.072115
0 0.275240 0.066106 0.050481 0.132212
0 0.971154 0.498798 0.052885 0.997596
0 0.122596 0.498798 0.245192 0.997596
