0 0.655048 0.991587 0.012019 0.002404
0 0.650240 0.965144 0.002404 0.002404
0 0.759615 0.498798 0.293269 0.997596
0 0.173077 0.498798 0.302885 0.997596
0 0.487981 0.923077 0.235577 0.149038
0 0.365385 0.776442 0.004808 0.004808
0 0.609375 0.664663 0.002404 0.002404
0 0.360577 0.661058 0.014423 0.043269
0 0.334135 0.355769 0.004808 0.014423
0 0.338942 0.234375 0.004808 0.002404
0 0.540865 0.176683 0.009615 0.012019
0 0.469952 0.135817 0.002404 0.002404
0 0.388221 0.055288 0.021635 0.009615
0 0.426683 0.043269 0.007212 0.004808
0 0.492788 0.038462 0.019231 0.019231
0 0.469952 0.014423 0.016827 0.009615
0 0.533654 0.085337 0.081731 0.170673
0 0.439904 0.025240 0.038462 0.050481
0 0.364183 0.114183 0.069712 0.228365
