0 0.405048 0.924279 0.237981 0.146635
0 0.283654 0.796875 0.004808 0.021635
0 0.282452 0.766827 0.002404 0.009615
0 0.274038 0.751202 0.009615 0.012019
0 0.282452 0.725962 0.012019 0.024038
0 0.274038 0.675481 0.024038 0.052885
0 0.246394 0.342548 0.012019 0.021635
0 0.252404 0.247596 0.009615 0.009615
0 0.462740 0.176683 0.016827 0.012019
0 0.338942 0.112981 0.014423 0.009615
0 0.332933 0.097356 0.002404 0.002404
0 0.394231 0.090144 0.004808 0.007212
0 0.389423 0.016827 0.019231 0.009615
0 0.451923 0.085337 0.081731 0.170673
0 0.365385 0.036058 0.115385 0.072115
0 0.274038 0.114183 0.052885 0.228365
0 0.971154 0.498798 0.052885 0.997596
0 0.122596 0.498798 0.245192 0.997596
