0 0.937500 0.993990 0.009615 0.002404
0 0.658654 0.989183 0.014423 0.007212
0 0.655048 0.942308 0.012019 0.009615
0 0.760817 0.498798 0.295673 0.997596
0 0.174279 0.498798 0.305288 0.997596
0 0.493990 0.920673 0.223558 0.153846
0 0.365385 0.777644 0.004808 0.002404
0 0.364183 0.721154 0.002404 0.004808
0 0.359375 0.676683 0.007212 0.012019
0 0.609375 0.665865 0.002404 0.004808
0 0.361779 0.649038 0.012019 0.019231
0 0.340144 0.234375 0.002404 0.002404
0 0.542067 0.175481 0.007212 0.009615
0 0.377404 0.055288 0.009615 0.009615
0 0.496394 0.037260 0.012019 0.016827
0 0.469952 0.014423 0.016827 0.004808
0 0.533654 0.085337 0.081731 0.170673
0 0.432692 0.021635 0.033654 0.043269
0 0.362981 0.114183 0.067308 0.228365
