0 0.622596 0.954327 0.004808 0.004808
0 0.645433 0.939904 0.012019 0.009615
0 0.615385 0.679087 0.009615 0.007212
0 0.764423 0.498798 0.389423 0.997596
0 0.152644 0.498798 0.295673 0.997596
0 0.450721 0.926683 0.237981 0.141827
0 0.335337 0.746394 0.021635 0.137019
0 0.316106 0.664663 0.007212 0.007212
0 0.306490 0.376202 0.007212 0.012019
0 0.311298 0.331731 0.016827 0.052885
0 0.439904 0.192308 0.004808 0.004808
0 0.382212 0.182692 0.019231 0.009615
0 0.396635 0.155048 0.052885 0.026442
0 0.352163 0.111779 0.007212 0.012019
0 0.417067 0.084135 0.112981 0.081731
0 0.480769 0.111779 0.129808 0.223558
0 0.352163 0.150240 0.108173 0.300481
