0 0.623798 0.798077 0.007212 0.009615
0 0.769231 0.498798 0.379808 0.997596
0 0.152644 0.498798 0.295673 0.997596
0 0.450721 0.939904 0.237981 0.115385
0 0.334135 0.760817 0.024038 0.170673
0 0.317308 0.661058 0.009615 0.014423
0 0.311298 0.539663 0.002404 0.002404
0 0.304087 0.527644 0.002404 0.002404
0 0.311298 0.342548 0.012019 0.026442
0 0.314904 0.312500 0.004808 0.004808
0 0.510817 0.233173 0.012019 0.004808
0 0.439904 0.192308 0.004808 0.004808
0 0.415865 0.164663 0.004808 0.002404
0 0.394231 0.167067 0.004808 0.007212
0 0.373798 0.164663 0.002404 0.002404
0 0.352163 0.112981 0.007212 0.009615
0 0.439904 0.072115 0.009615 0.004808
0 0.418269 0.086538 0.115385 0.081731
0 0.480769 0.110577 0.125000 0.221154
0 0.354567 0.149038 0.103365 0.298077
