0 0.927885 0.498798 0.086538 0.997596
0 0.971154 0.500000 0.052885 0.995192
0 0.078125 0.832933 0.002404 0.002404
0 0.067308 0.651442 0.004808 0.004808
0 0.052885 0.647837 0.004808 0.012019
0 0.070913 0.635817 0.016827 0.012019
0 0.045673 0.615385 0.019231 0.014423
0 0.209135 0.751202 0.288462 0.492788
0 0.019231 0.968750 0.038462 0.038462
0 0.018029 0.841346 0.012019 0.019231
0 0.006010 0.799279 0.002404 0.007212
0 0.006010 0.776442 0.012019 0.014423
0 0.176683 0.594952 0.353365 0.805288
0 0.480769 0.498798 0.168269 0.997596
0 0.045673 0.568510 0.014423 0.016827
0 0.030048 0.396635 0.031250 0.206731
0 0.167067 0.381010 0.319712 0.382212
