0 0.108173 0.091346 0.149038 0.182692
0 0.927885 0.498798 0.086538 0.997596
0 0.016827 0.090144 0.033654 0.180288
0 0.971154 0.500000 0.052885 0.995192
0 0.054087 0.645433 0.007212 0.016827
0 0.068510 0.637019 0.007212 0.004808
0 0.045673 0.615385 0.019231 0.014423
0 0.207933 0.751202 0.290865 0.492788
0 0.176683 0.594952 0.353365 0.805288
0 0.479567 0.498798 0.170673 0.997596
0 0.038462 0.456731 0.014423 0.072115
0 0.031250 0.362981 0.014423 0.052885
0 0.024038 0.311298 0.019231 0.036058
0 0.169471 0.381010 0.319712 0.382212
