0 0.106971 0.078125 0.146635 0.156250
0 0.926683 0.498798 0.088942 0.997596
0 0.018029 0.073317 0.036058 0.146635
0 0.972356 0.498798 0.050481 0.997596
0 0.066106 0.865385 0.016827 0.028846
0 0.069712 0.841346 0.004808 0.009615
0 0.064904 0.819712 0.004808 0.009615
0 0.075721 0.762019 0.007212 0.004808
0 0.052885 0.711538 0.014423 0.024038
0 0.056490 0.638221 0.040865 0.060096
0 0.207933 0.751202 0.290865 0.492788
0 0.385817 0.200721 0.002404 0.002404
0 0.388221 0.193510 0.002404 0.002404
0 0.479567 0.498798 0.170673 0.997596
0 0.044471 0.568510 0.012019 0.016827
0 0.040865 0.484375 0.009615 0.050481
0 0.032452 0.395433 0.026442 0.117788
0 0.025240 0.311298 0.021635 0.036058
0 0.167067 0.381010 0.319712 0.382212
