0 0.594952 0.818510 0.007212 0.012019
0 0.597356 0.704327 0.002404 0.009615
0 0.596154 0.676683 0.004808 0.007212
0 0.600962 0.544471 0.009615 0.012019
0 0.602163 0.498798 0.016827 0.021635
0 0.611779 0.353365 0.002404 0.004808
0 0.049279 0.135817 0.002404 0.002404
0 0.078125 0.133413 0.026442 0.036058
0 0.088942 0.105769 0.004808 0.004808
0 0.040865 0.112981 0.009615 0.028846
0 0.617788 0.082933 0.009615 0.031250
0 0.045673 0.078125 0.019231 0.021635
0 0.621394 0.036058 0.012019 0.033654
0 0.325721 0.498798 0.579327 0.997596
