0 0.596154 0.354567 0.004808 0.002404
0 0.635817 0.308894 0.002404 0.007212
0 0.579327 0.310096 0.004808 0.014423
0 0.635817 0.567308 0.117788 0.860577
0 0.403846 0.557692 0.100962 0.634615
0 0.688702 0.594952 0.002404 0.007212
0 0.695913 0.463942 0.007212 0.019231
0 0.795673 0.554087 0.216346 0.887019
0 0.555288 0.783654 0.052885 0.293269
0 0.137019 0.459135 0.211538 0.692308
0 0.394231 0.140625 0.091346 0.199519
0 0.500000 0.750000 0.072115 0.283654
0 0.633413 0.224760 0.002404 0.007212
0 0.590144 0.179087 0.161058 0.343750
