0 0.337740 0.550481 0.103365 0.634615
0 0.626202 0.534856 0.007212 0.016827
0 0.625000 0.508413 0.004808 0.016827
0 0.626202 0.484375 0.002404 0.021635
0 0.627404 0.454327 0.004808 0.024038
0 0.638221 0.438702 0.002404 0.002404
0 0.728365 0.551683 0.211538 0.891827
0 0.490385 0.776442 0.052885 0.298077
0 0.087740 0.453125 0.175481 0.689904
0 0.328125 0.134615 0.093750 0.201923
0 0.510817 0.314904 0.002404 0.009615
0 0.561298 0.276442 0.002404 0.004808
0 0.528846 0.275240 0.024038 0.021635
0 0.510817 0.245192 0.002404 0.004808
0 0.572115 0.564904 0.110577 0.865385
0 0.431490 0.743990 0.069712 0.286058
0 0.451923 0.585337 0.004808 0.007212
0 0.540865 0.277644 0.014423 0.012019
0 0.561298 0.204327 0.007212 0.004808
0 0.525240 0.173077 0.161058 0.346154
