0 0.338942 0.550481 0.100962 0.634615
0 0.626202 0.671875 0.002404 0.002404
0 0.623798 0.609375 0.002404 0.002404
0 0.623798 0.531250 0.002404 0.004808
0 0.626202 0.490385 0.002404 0.004808
0 0.729567 0.551683 0.213942 0.891827
0 0.487981 0.776442 0.052885 0.298077
0 0.087740 0.454327 0.175481 0.687500
0 0.328125 0.134615 0.093750 0.201923
0 0.605769 0.593750 0.009615 0.014423
0 0.591346 0.579327 0.004808 0.004808
0 0.608173 0.557692 0.004808 0.009615
0 0.605769 0.532452 0.009615 0.007212
0 0.510817 0.247596 0.002404 0.004808
0 0.512019 0.234375 0.009615 0.007212
0 0.572115 0.564904 0.110577 0.865385
0 0.431490 0.742788 0.069712 0.283654
0 0.525240 0.173077 0.161058 0.346154
