0 0.540865 0.248798 0.076923 0.093750
0 0.028846 0.308894 0.048077 0.300481
0 0.250000 0.266827 0.067308 0.110577
0 0.307692 0.622596 0.153846 0.158654
0 0.733173 0.885817 0.067308 0.223558
0 0.325721 0.264423 0.069712 0.105769
0 0.055288 0.313702 0.033654 0.252404
0 0.087740 0.317308 0.036058 0.225962
0 0.146635 0.862981 0.033654 0.259615
0 0.414663 0.661058 0.055288 0.158654
0 0.204327 0.665865 0.067308 0.211538
0 0.123798 0.895433 0.045673 0.204327
0 0.460337 0.252404 0.079327 0.091346
0 0.822115 0.921875 0.096154 0.151442
0 0.670673 0.377404 0.076923 0.403846
0 0.620192 0.786058 0.038462 0.221154
0 0.391827 0.305288 0.052885 0.187500
0 0.669471 0.846154 0.050481 0.254808
0 0.161058 0.313702 0.110577 0.204327
