0 0.538462 0.248798 0.072115 0.084135
0 0.028846 0.306490 0.048077 0.295673
0 0.733173 0.884615 0.072115 0.225962
0 0.949519 0.992788 0.014423 0.004808
0 0.820913 0.921875 0.098558 0.151442
0 0.010817 0.328125 0.021635 0.286058
0 0.307692 0.621394 0.153846 0.156250
0 0.056490 0.311298 0.036058 0.252404
0 0.085337 0.319712 0.036058 0.216346
0 0.145433 0.860577 0.036058 0.259615
0 0.414663 0.658654 0.055288 0.153846
0 0.204327 0.664663 0.067308 0.209135
0 0.126202 0.893029 0.045673 0.209135
0 0.251202 0.266827 0.069712 0.110577
0 0.324519 0.264423 0.067308 0.105769
0 0.670673 0.377404 0.076923 0.403846
0 0.620192 0.784856 0.038462 0.223558
0 0.391827 0.304087 0.052885 0.189904
0 0.668269 0.843750 0.052885 0.254808
0 0.459135 0.251202 0.076923 0.084135
0 0.162260 0.313702 0.108173 0.199519
