0 0.307692 0.622596 0.153846 0.158654
0 0.028846 0.306490 0.048077 0.295673
0 0.731971 0.884615 0.069712 0.225962
0 0.010817 0.328125 0.021635 0.286058
0 0.250000 0.266827 0.072115 0.110577
0 0.324519 0.264423 0.067308 0.105769
0 0.084135 0.318510 0.038462 0.218750
0 0.822115 0.921875 0.100962 0.151442
0 0.145433 0.853365 0.036058 0.250000
0 0.414663 0.658654 0.055288 0.158654
0 0.207933 0.663462 0.060096 0.206731
0 0.125000 0.893029 0.048077 0.209135
0 0.537260 0.247596 0.069712 0.081731
0 0.056490 0.310096 0.036058 0.254808
0 0.670673 0.377404 0.076923 0.403846
0 0.621394 0.784856 0.040865 0.223558
0 0.391827 0.302885 0.052885 0.187500
0 0.669471 0.843750 0.050481 0.259615
0 0.459135 0.251202 0.076923 0.084135
0 0.162260 0.313702 0.108173 0.199519
