0 0.816106 0.324519 0.127404 0.326923
0 0.534856 0.816106 0.069712 0.343750
0 0.794471 0.819712 0.093750 0.283654
0 0.319712 0.358173 0.076923 0.307692
0 0.287260 0.820913 0.180288 0.305288
0 0.020433 0.364183 0.007212 0.012019
0 0.010817 0.235577 0.002404 0.004808
0 0.091346 0.302885 0.177885 0.418269
0 0.963942 0.817308 0.067308 0.288462
0 0.700721 0.822115 0.088942 0.283654
0 0.097356 0.808894 0.194712 0.348558
0 0.224760 0.305288 0.122596 0.413462
0 0.887019 0.818510 0.100962 0.286058
0 0.606971 0.818510 0.093750 0.310096
0 0.544471 0.366587 0.088942 0.290865
0 0.681490 0.329327 0.137019 0.350962
