0 0.420673 0.526442 0.043269 0.149038
0 0.610577 0.235577 0.076923 0.211538
0 0.801683 0.608173 0.108173 0.197115
0 0.247596 0.162260 0.086538 0.112981
0 0.376202 0.234375 0.040865 0.180288
0 0.061298 0.533654 0.122596 0.927885
0 0.328125 0.587740 0.045673 0.209135
0 0.467548 0.537260 0.045673 0.151442
0 0.301683 0.241587 0.026442 0.209135
0 0.141827 0.153846 0.125000 0.139423
0 0.373798 0.544471 0.045673 0.180288
0 0.161058 0.592548 0.144231 0.694712
0 0.259615 0.525240 0.096154 0.574519
0 0.334135 0.235577 0.048077 0.197115
0 0.895433 0.628606 0.088942 0.199519
0 0.820913 0.237981 0.098558 0.235577
0 0.907452 0.240385 0.088942 0.245192
0 0.532452 0.551683 0.079327 0.170673
0 0.538462 0.233173 0.067308 0.201923
0 0.697115 0.569712 0.096154 0.110577
