0 0.420673 0.526442 0.043269 0.149038
0 0.610577 0.236779 0.076923 0.209135
0 0.800481 0.608173 0.110577 0.197115
0 0.248798 0.162260 0.084135 0.112981
0 0.375000 0.235577 0.043269 0.182692
0 0.061298 0.534856 0.122596 0.925481
0 0.301683 0.240385 0.026442 0.206731
0 0.328125 0.587740 0.045673 0.209135
0 0.466346 0.537260 0.048077 0.151442
0 0.141827 0.153846 0.125000 0.139423
0 0.373798 0.544471 0.045673 0.180288
0 0.161058 0.592548 0.144231 0.694712
0 0.259615 0.525240 0.096154 0.574519
0 0.334135 0.235577 0.048077 0.197115
0 0.895433 0.628606 0.088942 0.199519
0 0.820913 0.239183 0.098558 0.233173
0 0.907452 0.241587 0.088942 0.242788
0 0.531250 0.551683 0.081731 0.170673
0 0.538462 0.233173 0.067308 0.201923
0 0.697115 0.569712 0.096154 0.110577
