0 0.161058 0.501202 0.019231 0.055288
0 0.084135 0.278846 0.168269 0.557692
0 0.432692 0.882212 0.110577 0.230769
0 0.278846 0.921875 0.173077 0.151442
0 0.693510 0.163462 0.060096 0.177885
0 0.534856 0.852163 0.074519 0.290865
0 0.093750 0.776442 0.187500 0.442308
0 0.354567 0.092548 0.127404 0.185096
0 0.691106 0.431490 0.074519 0.204327
0 0.222356 0.186298 0.103365 0.372596
0 0.673077 0.743990 0.062500 0.237981
0 0.606971 0.798077 0.060096 0.274038
0 0.467548 0.104567 0.093750 0.209135
0 0.546875 0.205529 0.069712 0.324519
0 0.688702 0.585337 0.079327 0.122596
