0 0.162260 0.507212 0.016827 0.038462
0 0.167067 0.474760 0.002404 0.012019
0 0.084135 0.278846 0.168269 0.557692
0 0.432692 0.882212 0.115385 0.230769
0 0.692308 0.164663 0.057692 0.175481
0 0.280048 0.921875 0.175481 0.151442
0 0.533654 0.852163 0.081731 0.290865
0 0.093750 0.776442 0.187500 0.442308
0 0.354567 0.092548 0.127404 0.185096
0 0.689904 0.431490 0.076923 0.204327
0 0.222356 0.186298 0.103365 0.372596
0 0.673077 0.743990 0.062500 0.237981
0 0.608173 0.798077 0.062500 0.274038
0 0.466346 0.104567 0.096154 0.209135
0 0.545673 0.199519 0.067308 0.317308
0 0.687500 0.584135 0.081731 0.125000
