0 0.951923 0.181490 0.091346 0.237981
0 0.437500 0.759615 0.225962 0.240385
0 0.055288 0.203125 0.110577 0.310096
0 0.730769 0.424279 0.331731 0.425481
0 0.938702 0.653846 0.117788 0.245192
0 0.814904 0.081731 0.153846 0.100962
0 0.945913 0.423077 0.103365 0.216346
0 0.030048 0.782452 0.060096 0.290865
0 0.219952 0.900240 0.002404 0.007212
0 0.173077 0.765625 0.298077 0.305288
0 0.191106 0.204327 0.175481 0.298077
0 0.263221 0.388221 0.007212 0.012019
0 0.379808 0.235577 0.197115 0.326923
0 0.725962 0.722356 0.312500 0.209135
0 0.644231 0.060096 0.182692 0.110577
