0 0.950721 0.177885 0.093750 0.230769
0 0.055288 0.201923 0.110577 0.312500
0 0.949519 0.757212 0.019231 0.009615
0 0.968750 0.753606 0.009615 0.007212
0 0.938702 0.651442 0.112981 0.235577
0 0.949519 0.415865 0.096154 0.206731
0 0.030048 0.790865 0.060096 0.298077
0 0.731971 0.424279 0.329327 0.425481
0 0.189904 0.205529 0.177885 0.300481
0 0.379808 0.235577 0.201923 0.326923
0 0.729567 0.722356 0.319712 0.209135
0 0.441106 0.756010 0.228365 0.237981
0 0.644231 0.062500 0.182692 0.105769
0 0.817308 0.081731 0.153846 0.100962
