0 0.402644 0.655048 0.002404 0.002404
0 0.325721 0.640625 0.016827 0.007212
0 0.429087 0.622596 0.007212 0.004808
0 0.231971 0.625000 0.007212 0.009615
0 0.229567 0.610577 0.002404 0.004808
0 0.316106 0.608173 0.007212 0.004808
0 0.388221 0.623798 0.045673 0.045673
0 0.256010 0.615385 0.021635 0.028846
0 0.205529 0.605769 0.012019 0.028846
0 0.260817 0.542067 0.036058 0.045673
0 0.171875 0.550481 0.016827 0.067308
0 0.186298 0.498798 0.002404 0.002404
0 0.262019 0.501202 0.014423 0.016827
0 0.173077 0.491587 0.004808 0.007212
0 0.283654 0.489183 0.004808 0.007212
0 0.193510 0.487981 0.002404 0.009615
0 0.254808 0.481971 0.009615 0.012019
0 0.271635 0.474760 0.004808 0.002404
0 0.311298 0.463942 0.002404 0.004808
0 0.288462 0.462740 0.014423 0.012019
0 0.221154 0.457933 0.004808 0.002404
0 0.312500 0.454327 0.004808 0.004808
0 0.389423 0.430288 0.004808 0.004808
0 0.402644 0.373798 0.002404 0.002404
0 0.417067 0.367788 0.012019 0.014423
0 0.402644 0.332933 0.002404 0.002404
0 0.207933 0.328125 0.026442 0.012019
0 0.322115 0.621394 0.331731 0.752404
