0 0.264423 0.644231 0.028846 0.019231
0 0.167067 0.638221 0.002404 0.012019
0 0.133413 0.635817 0.016827 0.007212
0 0.304087 0.628606 0.007212 0.002404
0 0.243990 0.631010 0.021635 0.021635
0 0.081731 0.625000 0.009615 0.009615
0 0.230769 0.618990 0.009615 0.012019
0 0.040865 0.609375 0.004808 0.002404
0 0.221154 0.608173 0.004808 0.004808
0 0.052885 0.608173 0.004808 0.004808
0 0.044471 0.585337 0.007212 0.012019
0 0.046875 0.557692 0.012019 0.014423
0 0.268029 0.550481 0.021635 0.024038
0 0.310096 0.512019 0.004808 0.004808
0 0.109375 0.471154 0.002404 0.004808
0 0.259615 0.457933 0.004808 0.002404
0 0.274038 0.443510 0.062500 0.060096
0 0.128606 0.414663 0.007212 0.002404
0 0.176683 0.522837 0.151442 0.242788
0 0.289663 0.402644 0.002404 0.007212
0 0.141827 0.401442 0.004808 0.004808
0 0.128606 0.402644 0.012019 0.007212
0 0.222356 0.391827 0.007212 0.009615
0 0.185096 0.375000 0.019231 0.009615
0 0.206731 0.376202 0.009615 0.021635
0 0.198317 0.361779 0.007212 0.007212
0 0.158654 0.361779 0.009615 0.012019
0 0.252404 0.358173 0.009615 0.009615
0 0.201923 0.639423 0.375000 0.711538
