0 0.525240 0.693510 0.007212 0.007212
0 0.427885 0.693510 0.009615 0.007212
0 0.383413 0.686298 0.016827 0.016827
0 0.664663 0.665865 0.002404 0.004808
0 0.343750 0.668269 0.019231 0.009615
0 0.483173 0.826923 0.423077 0.341346
0 0.689904 0.645433 0.004808 0.007212
0 0.623798 0.638221 0.002404 0.002404
0 0.691106 0.612981 0.007212 0.014423
0 0.389423 0.615385 0.009615 0.019231
0 0.616587 0.564904 0.021635 0.014423
0 0.693510 0.539663 0.007212 0.074519
0 0.554087 0.421875 0.002404 0.002404
0 0.538462 0.442308 0.043269 0.043269
0 0.513221 0.421875 0.002404 0.002404
0 0.508413 0.456731 0.420673 0.413462
