0 0.512019 0.993990 0.009615 0.007212
0 0.491587 0.992788 0.016827 0.009615
0 0.700721 0.987981 0.055288 0.019231
0 0.620192 0.986779 0.033654 0.021635
0 0.544471 0.962740 0.012019 0.007212
0 0.563702 0.973558 0.084135 0.048077
0 0.768029 0.933894 0.007212 0.007212
0 0.649038 0.925481 0.004808 0.004808
0 0.681490 0.933894 0.156250 0.060096
0 0.580529 0.912260 0.012019 0.026442
0 0.603365 0.913462 0.033654 0.062500
0 0.590144 0.884615 0.002404 0.004808
0 0.563702 0.885817 0.012019 0.012019
0 0.650240 0.868990 0.002404 0.002404
0 0.498798 0.859375 0.002404 0.007212
0 0.467548 0.825721 0.007212 0.007212
0 0.634615 0.817308 0.009615 0.014423
0 0.698317 0.836538 0.137019 0.100962
0 0.766827 0.787260 0.009615 0.007212
0 0.635817 0.784856 0.012019 0.012019
0 0.745192 0.777644 0.009615 0.007212
0 0.656250 0.778846 0.019231 0.014423
0 0.762019 0.721154 0.004808 0.004808
0 0.756010 0.703125 0.016827 0.012019
0 0.763221 0.679087 0.002404 0.002404
0 0.695913 0.736779 0.108173 0.127404
0 0.722356 0.623798 0.002404 0.002404
0 0.664663 0.617788 0.002404 0.014423
0 0.716346 0.562500 0.004808 0.014423
0 0.657452 0.557692 0.016827 0.014423
0 0.659856 0.538462 0.031250 0.014423
0 0.593750 0.530048 0.024038 0.007212
0 0.722356 0.524038 0.036058 0.024038
0 0.671875 0.508413 0.016827 0.016827
0 0.646635 0.509615 0.019231 0.024038
0 0.664663 0.457933 0.007212 0.007212
0 0.722356 0.421875 0.002404 0.002404
0 0.715144 0.421875 0.002404 0.002404
0 0.686298 0.417067 0.007212 0.007212
0 0.576923 0.417067 0.014423 0.012019
0 0.643029 0.414663 0.021635 0.016827
0 0.658654 0.622596 0.625000 0.750000
