0 0.641827 0.931490 0.009615 0.007212
0 0.650240 0.871394 0.002404 0.002404
0 0.633413 0.776442 0.012019 0.009615
0 0.643029 0.766827 0.031250 0.057692
0 0.664663 0.722356 0.002404 0.007212
0 0.635817 0.693510 0.007212 0.007212
0 0.655048 0.686298 0.012019 0.016827
0 0.665865 0.647837 0.014423 0.050481
0 0.676683 0.561298 0.007212 0.026442
0 0.074519 0.582933 0.052885 0.156250
0 0.680288 0.481971 0.014423 0.026442
0 0.659856 0.431490 0.002404 0.002404
0 0.679087 0.276442 0.007212 0.004808
0 0.698317 0.277644 0.012019 0.012019
0 0.700721 0.242788 0.016827 0.043269
0 0.686298 0.118990 0.002404 0.002404
0 0.710337 0.140625 0.016827 0.069712
0 0.382212 0.530048 0.629808 0.935096
