0 0.693510 0.995192 0.002404 0.004808
0 0.481971 0.993990 0.007212 0.002404
0 0.574519 0.990385 0.004808 0.004808
0 0.506010 0.989183 0.002404 0.002404
0 0.697115 0.986779 0.009615 0.007212
0 0.486779 0.979567 0.002404 0.002404
0 0.626202 0.980769 0.045673 0.028846
0 0.497596 0.973558 0.009615 0.014423
0 0.603365 0.966346 0.004808 0.009615
0 0.490385 0.955529 0.004808 0.007212
0 0.551683 0.949519 0.007212 0.009615
0 0.522837 0.961538 0.040865 0.033654
0 0.586538 0.948317 0.014423 0.016827
0 0.645433 0.929087 0.002404 0.002404
0 0.664663 0.932692 0.002404 0.014423
0 0.498798 0.927885 0.002404 0.009615
0 0.693510 0.919471 0.002404 0.002404
0 0.504808 0.903846 0.004808 0.009615
0 0.528846 0.906250 0.014423 0.019231
0 0.487981 0.907452 0.019231 0.021635
0 0.527644 0.884615 0.002404 0.004808
0 0.665865 0.884615 0.004808 0.009615
0 0.688702 0.879808 0.012019 0.004808
0 0.611779 0.871394 0.002404 0.002404
0 0.498798 0.859375 0.002404 0.007212
0 0.610577 0.858173 0.014423 0.009615
0 0.537260 0.854567 0.007212 0.007212
0 0.557692 0.854567 0.014423 0.012019
0 0.609375 0.776442 0.007212 0.004808
0 0.656250 0.769231 0.009615 0.004808
0 0.686298 0.748798 0.002404 0.002404
0 0.711538 0.747596 0.009615 0.004808
0 0.664663 0.745192 0.002404 0.009615
0 0.650240 0.742788 0.007212 0.004808
0 0.620192 0.735577 0.014423 0.004808
0 0.593750 0.746394 0.024038 0.031250
0 0.693510 0.727163 0.007212 0.002404
0 0.674279 0.719952 0.002404 0.002404
0 0.468750 0.721154 0.004808 0.004808
0 0.665865 0.717548 0.004808 0.012019
0 0.591346 0.704327 0.009615 0.014423
0 0.578125 0.703125 0.002404 0.012019
0 0.608173 0.692308 0.004808 0.004808
0 0.568510 0.692308 0.002404 0.009615
0 0.604567 0.679087 0.002404 0.002404
0 0.625000 0.664663 0.004808 0.002404
0 0.596154 0.638221 0.004808 0.002404
0 0.536058 0.597356 0.009615 0.007212
0 0.665865 0.567308 0.004808 0.004808
0 0.627404 0.540865 0.009615 0.004808
0 0.663462 0.530048 0.009615 0.012019
0 0.621394 0.508413 0.002404 0.002404
0 0.637019 0.516827 0.033654 0.028846
0 0.700721 0.504808 0.012019 0.009615
0 0.549279 0.492788 0.002404 0.004808
0 0.729567 0.455529 0.002404 0.002404
0 0.614183 0.471154 0.026442 0.033654
0 0.609375 0.457933 0.016827 0.031250
0 0.560096 0.460337 0.067308 0.050481
0 0.651442 0.406250 0.004808 0.004808
0 0.603365 0.399038 0.019231 0.009615
0 0.538462 0.385817 0.009615 0.007212
0 0.596154 0.652644 0.466346 0.689904
