0 0.980769 0.704327 0.004808 0.004808
0 0.859375 0.693510 0.012019 0.016827
0 0.841346 0.685096 0.009615 0.009615
0 0.842548 0.674279 0.002404 0.002404
0 0.883413 0.659856 0.002404 0.002404
0 0.762019 0.659856 0.009615 0.007212
0 0.914663 0.661058 0.012019 0.014423
0 0.763221 0.650240 0.002404 0.002404
0 0.883413 0.645433 0.002404 0.002404
0 0.798077 0.653846 0.043269 0.076923
0 0.925481 0.622596 0.014423 0.033654
0 0.868990 0.604567 0.002404 0.002404
0 0.853365 0.627404 0.057692 0.081731
0 0.800481 0.590144 0.052885 0.036058
0 0.844952 0.552885 0.305288 0.889423
0 0.536058 0.463942 0.269231 0.615385
