0 0.641827 0.877404 0.009615 0.009615
0 0.971154 0.844952 0.024038 0.055288
0 0.663462 0.575721 0.004808 0.002404
0 0.650240 0.575721 0.036058 0.209135
0 0.651442 0.450721 0.004808 0.002404
0 0.659856 0.421875 0.016827 0.007212
0 0.657452 0.403846 0.021635 0.019231
0 0.674279 0.383413 0.007212 0.002404
0 0.664663 0.355769 0.007212 0.014423
0 0.709135 0.223558 0.004808 0.009615
0 0.986779 0.185096 0.002404 0.004808
0 0.763221 0.186298 0.002404 0.007212
0 0.760817 0.174279 0.007212 0.007212
0 0.722356 0.171875 0.002404 0.002404
0 0.703125 0.177885 0.069712 0.067308
0 0.811298 0.512019 0.372596 0.740385
0 0.836538 0.138221 0.004808 0.002404
