0 0.611779 0.332933 0.007212 0.002404
0 0.157452 0.329327 0.002404 0.009615
0 0.626202 0.206731 0.007212 0.004808
0 0.623798 0.185096 0.002404 0.004808
0 0.625000 0.158654 0.004808 0.004808
0 0.448317 0.132212 0.012019 0.019231
0 0.627404 0.103365 0.009615 0.019231
0 0.269231 0.051683 0.009615 0.007212
0 0.378606 0.043269 0.016827 0.009615
0 0.359375 0.006010 0.007212 0.002404
0 0.438702 0.008413 0.026442 0.012019
0 0.382212 0.007212 0.019231 0.009615
0 0.293269 0.009615 0.052885 0.019231
0 0.366587 0.332933 0.473558 0.665865
