0 0.143029 0.518029 0.286058 0.709135
0 0.278846 0.819712 0.004808 0.009615
0 0.294471 0.813702 0.012019 0.007212
0 0.275240 0.800481 0.007212 0.014423
0 0.275240 0.782452 0.007212 0.012019
0 0.289663 0.728365 0.012019 0.028846
0 0.323317 0.623798 0.002404 0.002404
0 0.301683 0.575721 0.002404 0.002404
0 0.329327 0.566106 0.004808 0.007212
0 0.364183 0.426683 0.002404 0.002404
0 0.336538 0.413462 0.038462 0.033654
0 0.326923 0.372596 0.014423 0.004808
0 0.356971 0.225962 0.002404 0.004808
0 0.367788 0.215144 0.014423 0.007212
0 0.367788 0.137019 0.019231 0.019231
0 0.368990 0.099760 0.026442 0.040865
0 0.360577 0.079327 0.004808 0.009615
0 0.367788 0.063702 0.009615 0.007212
0 0.641827 0.489183 0.711538 0.978365
0 0.383413 0.007212 0.026442 0.014423
