0 0.419471 0.343750 0.012019 0.009615
0 0.376202 0.287260 0.012019 0.007212
0 0.329327 0.260817 0.009615 0.012019
0 0.591346 0.207933 0.019231 0.007212
0 0.379808 0.197115 0.009615 0.009615
0 0.597356 0.153846 0.002404 0.004808
0 0.283654 0.120192 0.014423 0.009615
0 0.278846 0.109375 0.004808 0.002404
0 0.294471 0.097356 0.012019 0.007212
0 0.274038 0.091346 0.004808 0.004808
0 0.375000 0.091346 0.004808 0.009615
0 0.320913 0.098558 0.016827 0.024038
0 0.432692 0.081731 0.014423 0.004808
0 0.300481 0.064904 0.009615 0.009615
0 0.282452 0.055288 0.007212 0.009615
0 0.350962 0.054087 0.024038 0.012019
0 0.328125 0.043269 0.012019 0.009615
0 0.445913 0.027644 0.002404 0.002404
0 0.295673 0.013221 0.004808 0.002404
0 0.342548 0.330529 0.473558 0.661058
