0 0.306490 0.614183 0.002404 0.002404
0 0.466346 0.614183 0.028846 0.012019
0 0.306490 0.568510 0.007212 0.002404
0 0.387019 0.544471 0.004808 0.002404
0 0.368990 0.478365 0.002404 0.004808
0 0.230769 0.461538 0.009615 0.014423
0 0.460337 0.469952 0.040865 0.040865
0 0.384615 0.481971 0.052885 0.108173
0 0.373798 0.421875 0.007212 0.002404
0 0.284856 0.414663 0.002404 0.002404
0 0.347356 0.413462 0.016827 0.009615
0 0.362981 0.402644 0.004808 0.002404
0 0.289663 0.402644 0.007212 0.002404
0 0.396635 0.401442 0.014423 0.004808
0 0.299279 0.400240 0.002404 0.007212
0 0.450721 0.397837 0.016827 0.021635
0 0.243990 0.388221 0.002404 0.002404
0 0.457933 0.376202 0.002404 0.002404
0 0.311298 0.344952 0.002404 0.002404
0 0.453125 0.332933 0.002404 0.002404
0 0.421875 0.332933 0.002404 0.002404
0 0.260817 0.332933 0.007212 0.002404
0 0.473558 0.331731 0.009615 0.004808
0 0.396635 0.340144 0.038462 0.031250
0 0.335337 0.301683 0.016827 0.016827
0 0.402644 0.293269 0.002404 0.004808
0 0.310096 0.299279 0.019231 0.016827
0 0.442308 0.288462 0.004808 0.009615
0 0.402644 0.282452 0.002404 0.002404
0 0.332933 0.281250 0.002404 0.004808
0 0.457933 0.277644 0.002404 0.002404
0 0.473558 0.272837 0.009615 0.012019
0 0.379808 0.592548 0.336538 0.810096
