0 0.569712 0.959135 0.004808 0.004808
0 0.608173 0.957933 0.004808 0.007212
0 0.650240 0.931490 0.031250 0.016827
0 0.710337 0.919471 0.007212 0.007212
0 0.599760 0.929087 0.040865 0.036058
0 0.623798 0.907452 0.002404 0.002404
0 0.687500 0.888221 0.009615 0.002404
0 0.512019 0.894231 0.009615 0.019231
0 0.518029 0.867788 0.012019 0.014423
0 0.681490 0.867788 0.016827 0.019231
0 0.631010 0.849760 0.002404 0.002404
0 0.655048 0.847356 0.007212 0.002404
0 0.548077 0.860577 0.038462 0.067308
0 0.554087 0.538462 0.031250 0.014423
0 0.915865 0.533654 0.004808 0.009615
0 0.706731 0.301683 0.019231 0.012019
0 0.651442 0.581731 0.552885 0.831731
