0 0.402644 0.713942 0.002404 0.004808
0 0.525240 0.691106 0.007212 0.012019
0 0.383413 0.683894 0.016827 0.021635
0 0.623798 0.671875 0.012019 0.007212
0 0.430288 0.674279 0.004808 0.012019
0 0.609375 0.679087 0.007212 0.031250
0 0.665865 0.664663 0.004808 0.007212
0 0.560096 0.664663 0.019231 0.007212
0 0.413462 0.664663 0.009615 0.007212
0 0.397837 0.655048 0.002404 0.002404
0 0.526442 0.638221 0.004808 0.002404
0 0.623798 0.646635 0.012019 0.024038
0 0.456731 0.609375 0.004808 0.007212
0 0.384615 0.615385 0.019231 0.024038
0 0.385817 0.597356 0.002404 0.002404
0 0.487981 0.795673 0.423077 0.403846
0 0.389423 0.588942 0.004808 0.004808
0 0.638221 0.590144 0.069712 0.050481
0 0.664663 0.554087 0.002404 0.002404
0 0.472356 0.554087 0.007212 0.007212
0 0.415865 0.526442 0.004808 0.004808
0 0.526442 0.498798 0.004808 0.007212
0 0.691106 0.540865 0.021635 0.096154
0 0.590144 0.429087 0.002404 0.002404
0 0.497596 0.413462 0.009615 0.014423
0 0.542067 0.435096 0.074519 0.086538
0 0.429087 0.382212 0.002404 0.004808
0 0.509615 0.457933 0.427885 0.420673
