0 0.602163 0.989183 0.007212 0.007212
0 0.546875 0.987981 0.007212 0.004808
0 0.606971 0.963942 0.007212 0.004808
0 0.538462 0.950721 0.009615 0.007212
0 0.674279 0.944712 0.002404 0.004808
0 0.492788 0.936298 0.086538 0.112981
0 0.536058 0.876202 0.004808 0.002404
0 0.528846 0.895433 0.019231 0.040865
0 0.467548 0.876202 0.007212 0.007212
0 0.487981 0.862981 0.009615 0.014423
0 0.609375 0.907452 0.122596 0.170673
0 0.532452 0.842548 0.060096 0.055288
0 0.622596 0.813702 0.009615 0.016827
0 0.603365 0.805288 0.019231 0.009615
0 0.554087 0.789663 0.002404 0.002404
0 0.623798 0.782452 0.002404 0.002404
0 0.500000 0.795673 0.048077 0.028846
0 0.472356 0.776442 0.002404 0.004808
0 0.540865 0.763221 0.004808 0.007212
0 0.649038 0.669471 0.004808 0.007212
0 0.663462 0.668269 0.004808 0.009615
0 0.500000 0.707933 0.062500 0.088942
0 0.615385 0.735577 0.134615 0.158654
0 0.623798 0.644231 0.002404 0.004808
0 0.526442 0.637019 0.004808 0.004808
0 0.590144 0.609375 0.007212 0.007212
0 0.508413 0.621394 0.026442 0.036058
0 0.513221 0.582933 0.002404 0.002404
0 0.526442 0.573317 0.004808 0.016827
0 0.626202 0.525240 0.002404 0.002404
0 0.616587 0.514423 0.007212 0.004808
0 0.594952 0.402644 0.002404 0.002404
0 0.513221 0.397837 0.007212 0.012019
0 0.591346 0.646635 0.480769 0.701923
