0 0.646635 0.929087 0.004808 0.002404
0 0.650240 0.778846 0.021635 0.014423
0 0.664663 0.722356 0.007212 0.007212
0 0.667067 0.653846 0.007212 0.004808
0 0.085337 0.638221 0.016827 0.031250
0 0.667067 0.610577 0.012019 0.009615
0 0.118990 0.572115 0.007212 0.009615
0 0.096154 0.556490 0.009615 0.012019
0 0.097356 0.544471 0.002404 0.002404
0 0.109375 0.528846 0.007212 0.004808
0 0.679087 0.469952 0.002404 0.002404
0 0.104567 0.472356 0.012019 0.007212
0 0.106971 0.460337 0.007212 0.007212
0 0.110577 0.445913 0.009615 0.012019
0 0.693510 0.415865 0.002404 0.004808
0 0.693510 0.367788 0.002404 0.004808
0 0.693510 0.337740 0.002404 0.002404
0 0.692308 0.317308 0.004808 0.004808
0 0.698317 0.262019 0.021635 0.004808
0 0.706731 0.221154 0.004808 0.009615
0 0.697115 0.158654 0.043269 0.057692
0 0.388221 0.545673 0.588942 0.903846
