0 0.584135 0.820913 0.004808 0.007212
0 0.479567 0.813702 0.002404 0.002404
0 0.521635 0.814904 0.009615 0.009615
0 0.527644 0.801683 0.002404 0.002404
0 0.539663 0.801683 0.002404 0.007212
0 0.462740 0.781250 0.002404 0.004808
0 0.540865 0.770433 0.043269 0.031250
0 0.549279 0.739183 0.021635 0.012019
0 0.518029 0.731971 0.007212 0.012019
0 0.474760 0.745192 0.016827 0.038462
0 0.481971 0.433894 0.016827 0.007212
0 0.533654 0.424279 0.004808 0.007212
0 0.492788 0.383413 0.009615 0.007212
0 0.481971 0.623798 0.334135 0.646635
0 0.512019 0.585337 0.211538 0.483173
