0 0.462740 0.825721 0.016827 0.007212
0 0.441106 0.823317 0.002404 0.002404
0 0.496394 0.813702 0.002404 0.002404
0 0.514423 0.816106 0.038462 0.026442
0 0.455529 0.808894 0.007212 0.016827
0 0.576923 0.807692 0.043269 0.019231
0 0.442308 0.788462 0.004808 0.009615
0 0.477163 0.765625 0.021635 0.045673
0 0.588942 0.751202 0.072115 0.040865
0 0.605769 0.697115 0.004808 0.004808
0 0.510817 0.695913 0.012019 0.026442
0 0.528846 0.689904 0.014423 0.024038
0 0.623798 0.679087 0.002404 0.012019
0 0.603365 0.676683 0.004808 0.007212
0 0.623798 0.665865 0.002404 0.004808
0 0.501202 0.664663 0.012019 0.007212
0 0.584135 0.661058 0.014423 0.024038
0 0.568510 0.651442 0.002404 0.004808
0 0.448317 0.661058 0.021635 0.028846
0 0.579327 0.631010 0.009615 0.012019
0 0.475962 0.623798 0.009615 0.002404
0 0.572115 0.617788 0.009615 0.004808
0 0.483173 0.611779 0.009615 0.007212
0 0.596154 0.590144 0.004808 0.002404
0 0.453125 0.584135 0.007212 0.009615
0 0.586538 0.580529 0.014423 0.016827
0 0.502404 0.578125 0.067308 0.069712
0 0.518029 0.520433 0.007212 0.002404
0 0.455529 0.520433 0.002404 0.002404
0 0.418269 0.540865 0.028846 0.043269
0 0.506010 0.493990 0.002404 0.002404
0 0.427885 0.500000 0.019231 0.014423
0 0.582933 0.485577 0.007212 0.004808
0 0.635817 0.478365 0.002404 0.004808
0 0.424279 0.481971 0.012019 0.012019
0 0.643029 0.468750 0.002404 0.004808
0 0.576923 0.459135 0.004808 0.009615
0 0.561298 0.454327 0.002404 0.004808
0 0.575721 0.445913 0.002404 0.007212
0 0.552885 0.442308 0.014423 0.004808
0 0.520433 0.444712 0.026442 0.028846
0 0.610577 0.433894 0.009615 0.012019
0 0.441106 0.424279 0.007212 0.002404
0 0.412260 0.419471 0.002404 0.002404
0 0.563702 0.417067 0.007212 0.002404
0 0.459135 0.449519 0.096154 0.076923
0 0.555288 0.402644 0.004808 0.002404
0 0.531250 0.401442 0.004808 0.004808
0 0.436298 0.395433 0.002404 0.002404
0 0.629808 0.364183 0.009615 0.012019
0 0.686298 0.615385 0.622596 0.764423
