0 0.314904 0.792067 0.009615 0.002404
0 0.331731 0.751202 0.004808 0.007212
0 0.743990 0.697115 0.002404 0.004808
0 0.342548 0.659856 0.012019 0.026442
0 0.758413 0.625000 0.002404 0.004808
0 0.346154 0.582933 0.004808 0.007212
0 0.332933 0.552885 0.002404 0.004808
0 0.775240 0.524038 0.002404 0.009615
0 0.342548 0.484375 0.012019 0.002404
0 0.356971 0.459135 0.012019 0.028846
0 0.352163 0.423077 0.016827 0.019231
0 0.375000 0.396635 0.004808 0.014423
0 0.799279 0.334135 0.007212 0.009615
0 0.358173 0.275240 0.009615 0.012019
0 0.551683 0.539663 0.487981 0.824519
