0 0.685096 0.985577 0.019231 0.019231
0 0.683894 0.939904 0.021635 0.024038
0 0.693510 0.912260 0.007212 0.026442
0 0.677885 0.887019 0.009615 0.014423
0 0.693510 0.879808 0.002404 0.004808
0 0.692308 0.856971 0.004808 0.002404
0 0.691106 0.820913 0.007212 0.012019
0 0.679087 0.796875 0.002404 0.002404
0 0.685096 0.788462 0.004808 0.004808
0 0.680288 0.768029 0.004808 0.007212
0 0.683894 0.747596 0.002404 0.004808
0 0.676683 0.730769 0.007212 0.004808
0 0.681490 0.694712 0.007212 0.014423
0 0.671875 0.612981 0.016827 0.014423
0 0.679087 0.506010 0.002404 0.007212
0 0.679087 0.484375 0.007212 0.007212
0 0.477163 0.593750 0.367788 0.807692
