0 0.465144 0.825721 0.007212 0.002404
0 0.455529 0.825721 0.002404 0.002404
0 0.569712 0.806490 0.019231 0.012019
0 0.423077 0.788462 0.004808 0.004808
0 0.485577 0.777644 0.004808 0.007212
0 0.471154 0.769231 0.004808 0.004808
0 0.628606 0.769231 0.012019 0.014423
0 0.647837 0.745192 0.012019 0.009615
0 0.556490 0.737981 0.002404 0.009615
0 0.478365 0.748798 0.028846 0.031250
0 0.576923 0.741587 0.024038 0.026442
0 0.525240 0.695913 0.002404 0.002404
0 0.610577 0.693510 0.004808 0.007212
0 0.651442 0.683894 0.004808 0.007212
0 0.606971 0.676683 0.007212 0.007212
0 0.430288 0.667067 0.004808 0.012019
0 0.453125 0.664663 0.012019 0.012019
0 0.449519 0.650240 0.004808 0.002404
0 0.545673 0.616587 0.004808 0.002404
0 0.472356 0.580529 0.007212 0.012019
0 0.451923 0.579327 0.004808 0.019231
0 0.527644 0.574519 0.012019 0.038462
0 0.510817 0.554087 0.012019 0.007212
0 0.407452 0.549279 0.007212 0.021635
0 0.417067 0.526442 0.016827 0.014423
0 0.518029 0.519231 0.007212 0.004808
0 0.610577 0.508413 0.004808 0.016827
0 0.580529 0.489183 0.007212 0.007212
0 0.508413 0.457933 0.002404 0.002404
0 0.578125 0.456731 0.002404 0.004808
0 0.625000 0.463942 0.028846 0.024038
0 0.640625 0.443510 0.012019 0.007212
0 0.516827 0.445913 0.019231 0.026442
0 0.610577 0.432692 0.004808 0.009615
0 0.442308 0.423077 0.004808 0.004808
0 0.454327 0.465144 0.091346 0.103365
0 0.566106 0.388221 0.002404 0.002404
0 0.418269 0.390625 0.014423 0.012019
0 0.419471 0.370192 0.012019 0.009615
0 0.450721 0.375000 0.026442 0.028846
0 0.616587 0.361779 0.016827 0.012019
0 0.686298 0.616587 0.622596 0.762019
