0 0.396635 0.610577 0.014423 0.004808
0 0.256010 0.604567 0.002404 0.002404
0 0.183894 0.569712 0.012019 0.019231
0 0.387019 0.528846 0.009615 0.009615
0 0.186298 0.530048 0.002404 0.012019
0 0.405048 0.481971 0.016827 0.012019
0 0.301683 0.522837 0.122596 0.122596
0 0.305288 0.449519 0.009615 0.009615
0 0.373798 0.426683 0.007212 0.012019
0 0.193510 0.415865 0.002404 0.004808
0 0.292067 0.418269 0.060096 0.033654
0 0.243990 0.400240 0.002404 0.002404
0 0.189904 0.395433 0.009615 0.002404
0 0.359375 0.389423 0.002404 0.004808
0 0.254808 0.356971 0.004808 0.002404
0 0.284856 0.356971 0.002404 0.007212
0 0.400240 0.353365 0.007212 0.004808
0 0.305288 0.356971 0.028846 0.012019
0 0.270433 0.349760 0.016827 0.021635
0 0.319712 0.622596 0.307692 0.711538
