0 0.283654 0.623798 0.019231 0.007212
0 0.317308 0.614183 0.004808 0.002404
0 0.106971 0.612981 0.007212 0.009615
0 0.152644 0.572115 0.002404 0.004808
0 0.289663 0.568510 0.002404 0.002404
0 0.277644 0.567308 0.007212 0.004808
0 0.159856 0.543269 0.012019 0.014423
0 0.157452 0.512019 0.002404 0.004808
0 0.304087 0.500000 0.007212 0.004808
0 0.157452 0.502404 0.055288 0.057692
0 0.258413 0.445913 0.002404 0.002404
0 0.112981 0.442308 0.009615 0.004808
0 0.295673 0.445913 0.019231 0.026442
0 0.211538 0.516827 0.100962 0.211538
0 0.201923 0.385817 0.009615 0.007212
0 0.197115 0.375000 0.009615 0.004808
0 0.210337 0.627404 0.362981 0.692308
