0 0.777644 0.834135 0.007212 0.004808
0 0.040865 0.683894 0.009615 0.007212
0 0.010817 0.598558 0.012019 0.014423
0 0.044471 0.603365 0.012019 0.057692
0 0.045673 0.550481 0.004808 0.004808
0 0.054087 0.542067 0.007212 0.007212
0 0.786058 0.542067 0.019231 0.012019
0 0.796875 0.493990 0.002404 0.002404
0 0.816106 0.507212 0.021635 0.033654
0 0.819712 0.479567 0.004808 0.007212
0 0.820913 0.469952 0.002404 0.002404
0 0.046875 0.493990 0.026442 0.055288
0 0.820913 0.461538 0.007212 0.004808
0 0.039663 0.448317 0.002404 0.002404
0 0.006010 0.445913 0.002404 0.012019
0 0.008413 0.431490 0.007212 0.002404
0 0.822115 0.414663 0.024038 0.016827
0 0.034856 0.408654 0.055288 0.048077
0 0.822115 0.383413 0.009615 0.007212
0 0.836538 0.360577 0.009615 0.019231
0 0.024038 0.366587 0.019231 0.031250
0 0.814904 0.325721 0.014423 0.026442
0 0.811298 0.301683 0.002404 0.007212
0 0.054087 0.298077 0.002404 0.004808
0 0.816106 0.292067 0.012019 0.007212
0 0.031250 0.307692 0.028846 0.043269
0 0.828125 0.289663 0.016827 0.016827
0 0.836538 0.239183 0.033654 0.045673
0 0.038462 0.242788 0.048077 0.057692
0 0.825721 0.204327 0.002404 0.004808
0 0.061298 0.216346 0.016827 0.028846
0 0.849760 0.181490 0.012019 0.012019
0 0.847356 0.173077 0.002404 0.004808
0 0.028846 0.131010 0.004808 0.007212
0 0.621394 0.121394 0.002404 0.002404
0 0.631010 0.118990 0.002404 0.002404
0 0.555288 0.114183 0.004808 0.002404
0 0.631010 0.106971 0.002404 0.002404
0 0.602163 0.114183 0.016827 0.016827
0 0.562500 0.108173 0.004808 0.004808
0 0.646635 0.111779 0.019231 0.021635
0 0.311298 0.096154 0.002404 0.004808
0 0.530048 0.093750 0.002404 0.004808
0 0.650240 0.090144 0.002404 0.002404
0 0.441106 0.098558 0.055288 0.019231
0 0.638221 0.087740 0.002404 0.002404
0 0.388221 0.096154 0.012019 0.019231
0 0.347356 0.088942 0.002404 0.004808
0 0.330529 0.093750 0.012019 0.014423
0 0.663462 0.084135 0.014423 0.004808
0 0.762019 0.090144 0.028846 0.021635
0 0.729567 0.082933 0.007212 0.007212
0 0.352163 0.080529 0.007212 0.002404
0 0.703125 0.085337 0.036058 0.016827
0 0.804087 0.081731 0.016827 0.014423
0 0.296875 0.080529 0.012019 0.012019
0 0.563702 0.072115 0.021635 0.019231
0 0.537260 0.067308 0.007212 0.009615
0 0.638221 0.061298 0.021635 0.016827
0 0.542067 0.054087 0.002404 0.002404
0 0.061298 0.052885 0.002404 0.004808
0 0.477163 0.058894 0.050481 0.026442
0 0.396635 0.052885 0.019231 0.014423
0 0.438702 0.040865 0.002404 0.004808
0 0.359375 0.049279 0.040865 0.021635
0 0.328125 0.038462 0.012019 0.009615
0 0.347356 0.032452 0.002404 0.002404
0 0.337740 0.032452 0.002404 0.002404
0 0.054087 0.032452 0.002404 0.002404
0 0.400240 0.507212 0.757212 0.975962
0 0.045673 0.036058 0.019231 0.038462
0 0.415865 0.548077 0.716346 0.899038
