0 0.643029 0.929087 0.016827 0.007212
0 0.650240 0.891827 0.002404 0.004808
0 0.652644 0.872596 0.007212 0.009615
0 0.653846 0.818510 0.004808 0.002404
0 0.651442 0.783654 0.019231 0.024038
0 0.652644 0.709135 0.002404 0.004808
0 0.664663 0.713942 0.012019 0.028846
0 0.665865 0.658654 0.014423 0.019231
0 0.087740 0.625000 0.021635 0.057692
0 0.665865 0.600962 0.024038 0.028846
0 0.092548 0.584135 0.012019 0.009615
0 0.096154 0.555288 0.004808 0.004808
0 0.122596 0.530048 0.004808 0.002404
0 0.679087 0.526442 0.002404 0.004808
0 0.112981 0.518029 0.043269 0.055288
0 0.681490 0.486779 0.012019 0.012019
0 0.693510 0.370192 0.002404 0.004808
0 0.677885 0.332933 0.009615 0.007212
0 0.692308 0.260817 0.033654 0.045673
0 0.707933 0.198317 0.002404 0.002404
0 0.709135 0.162260 0.019231 0.040865
0 0.383413 0.544471 0.579327 0.906250
