0 0.277644 0.783654 0.002404 0.004808
0 0.268029 0.759615 0.007212 0.009615
0 0.283654 0.743990 0.004808 0.002404
0 0.304087 0.686298 0.002404 0.002404
0 0.341346 0.681490 0.028846 0.016827
0 0.388221 0.687500 0.060096 0.043269
0 0.372596 0.650240 0.004808 0.007212
0 0.431490 0.633413 0.031250 0.016827
0 0.387019 0.628606 0.004808 0.016827
0 0.438702 0.600962 0.012019 0.009615
0 0.325721 0.620192 0.103365 0.076923
0 0.332933 0.581731 0.016827 0.009615
0 0.383413 0.544471 0.012019 0.012019
0 0.385817 0.532452 0.002404 0.002404
0 0.368990 0.484375 0.002404 0.002404
0 0.370192 0.468750 0.004808 0.009615
0 0.485577 0.667067 0.480769 0.661058
