0 0.788462 0.990385 0.028846 0.004808
0 0.741587 0.986779 0.002404 0.007212
0 0.288462 0.983173 0.004808 0.009615
0 0.697115 0.963942 0.024038 0.019231
0 0.682692 0.955529 0.004808 0.002404
0 0.286058 0.963942 0.009615 0.019231
0 0.206731 0.947115 0.004808 0.004808
0 0.743990 0.955529 0.031250 0.031250
0 0.759615 0.919471 0.009615 0.012019
0 0.384615 0.953125 0.043269 0.079327
0 0.277644 0.914663 0.002404 0.002404
0 0.239183 0.915865 0.007212 0.004808
0 0.677885 0.901442 0.009615 0.004808
0 0.338942 0.945913 0.033654 0.093750
0 0.221154 0.890625 0.004808 0.007212
0 0.663462 0.885817 0.004808 0.007212
0 0.252404 0.872596 0.004808 0.004808
0 0.633413 0.867788 0.016827 0.028846
0 0.342548 0.856971 0.016827 0.007212
0 0.393029 0.865385 0.021635 0.062500
0 0.235577 0.835337 0.009615 0.012019
0 0.754808 0.813702 0.004808 0.002404
0 0.356971 0.814904 0.007212 0.004808
0 0.628606 0.891827 0.132212 0.201923
0 0.311298 0.790865 0.002404 0.004808
0 0.623798 0.774038 0.007212 0.014423
0 0.579327 0.769231 0.004808 0.004808
0 0.743990 0.746394 0.002404 0.002404
0 0.382212 0.778846 0.052885 0.067308
0 0.578125 0.750000 0.016827 0.019231
0 0.725962 0.739183 0.014423 0.007212
0 0.890625 0.737981 0.002404 0.009615
0 0.389423 0.734375 0.004808 0.007212
0 0.659856 0.719952 0.002404 0.002404
0 0.593750 0.718750 0.009615 0.009615
0 0.615385 0.695913 0.004808 0.016827
0 0.402644 0.674279 0.002404 0.002404
0 0.807692 0.614183 0.004808 0.002404
0 0.598558 0.568510 0.004808 0.002404
0 0.917067 0.546875 0.002404 0.002404
0 0.808894 0.533654 0.012019 0.004808
0 0.801683 0.522837 0.007212 0.007212
0 0.943510 0.515625 0.002404 0.002404
0 0.819712 0.515625 0.004808 0.007212
0 0.914663 0.524038 0.021635 0.033654
0 0.592548 0.507212 0.007212 0.004808
0 0.895433 0.504808 0.007212 0.004808
0 0.650240 0.502404 0.002404 0.004808
0 0.631010 0.503606 0.007212 0.012019
0 0.806490 0.484375 0.002404 0.002404
0 0.908654 0.473558 0.004808 0.009615
0 0.593750 0.466346 0.009615 0.004808
0 0.913462 0.453125 0.004808 0.002404
0 0.594952 0.451923 0.007212 0.004808
0 0.798077 0.431490 0.004808 0.012019
0 0.594952 0.417067 0.002404 0.002404
0 0.618990 0.388221 0.002404 0.002404
0 0.921875 0.391827 0.007212 0.019231
0 0.925481 0.373798 0.009615 0.012019
0 0.948317 0.373798 0.007212 0.016827
0 0.808894 0.364183 0.007212 0.002404
0 0.933894 0.340144 0.002404 0.002404
0 0.810096 0.305288 0.009615 0.009615
0 0.933894 0.299279 0.002404 0.002404
0 0.923077 0.313702 0.009615 0.040865
0 0.949519 0.294471 0.019231 0.007212
0 0.257212 0.289663 0.004808 0.002404
0 0.935096 0.284856 0.004808 0.002404
0 0.388221 0.287260 0.002404 0.007212
0 0.234375 0.287260 0.007212 0.007212
0 0.585337 0.281250 0.002404 0.009615
0 0.943510 0.260817 0.007212 0.002404
0 0.905048 0.259615 0.002404 0.004808
0 0.242788 0.248798 0.004808 0.002404
0 0.762019 0.247596 0.004808 0.004808
0 0.926683 0.254808 0.016827 0.033654
0 0.340144 0.230769 0.012019 0.009615
0 0.933894 0.213942 0.012019 0.024038
0 0.491587 0.213942 0.031250 0.024038
0 0.721154 0.201923 0.004808 0.004808
0 0.545673 0.207933 0.024038 0.016827
0 0.837740 0.204327 0.012019 0.024038
0 0.923077 0.194712 0.004808 0.014423
0 0.271635 0.191106 0.009615 0.007212
0 0.275240 0.176683 0.002404 0.002404
0 0.284856 0.174279 0.002404 0.002404
0 0.937500 0.168269 0.024038 0.043269
0 0.782452 0.150240 0.007212 0.007212
0 0.770433 0.147837 0.002404 0.002404
0 0.965144 0.147837 0.002404 0.007212
0 0.777644 0.139423 0.002404 0.004808
0 0.698317 0.138221 0.007212 0.007212
0 0.948317 0.133413 0.002404 0.002404
0 0.644231 0.137019 0.028846 0.014423
0 0.935096 0.129808 0.004808 0.004808
0 0.498798 0.127404 0.002404 0.004808
0 0.474760 0.132212 0.012019 0.019231
0 0.489183 0.123798 0.002404 0.012019
0 0.403846 0.123798 0.028846 0.021635
0 0.519231 0.527644 0.817308 0.935096
0 0.122596 0.472356 0.004808 0.002404
0 0.138221 0.429087 0.002404 0.002404
0 0.486779 0.568510 0.632212 0.858173
