0 0.043269 0.974760 0.004808 0.007212
0 0.664663 0.944712 0.002404 0.004808
0 0.668269 0.854567 0.024038 0.064904
0 0.670673 0.805288 0.024038 0.019231
0 0.676683 0.661058 0.031250 0.014423
0 0.673077 0.582933 0.004808 0.002404
0 0.691106 0.588942 0.021635 0.028846
0 0.091346 0.597356 0.048077 0.141827
0 0.096154 0.520433 0.004808 0.002404
0 0.691106 0.519231 0.036058 0.033654
0 0.693510 0.493990 0.002404 0.007212
0 0.123798 0.490385 0.007212 0.004808
0 0.693510 0.454327 0.040865 0.052885
0 0.700721 0.389423 0.031250 0.009615
0 0.417067 0.545673 0.651442 0.903846
