0 0.296875 0.655048 0.002404 0.002404
0 0.276442 0.650240 0.004808 0.007212
0 0.085337 0.644231 0.007212 0.004808
0 0.177885 0.640625 0.004808 0.002404
0 0.268029 0.641827 0.002404 0.009615
0 0.099760 0.637019 0.002404 0.004808
0 0.248798 0.627404 0.002404 0.009615
0 0.084135 0.627404 0.009615 0.014423
0 0.054087 0.606971 0.002404 0.002404
0 0.048077 0.597356 0.004808 0.007212
0 0.049279 0.581731 0.002404 0.004808
0 0.281250 0.574519 0.024038 0.028846
0 0.046875 0.551683 0.012019 0.021635
0 0.275240 0.539663 0.007212 0.002404
0 0.306490 0.512019 0.012019 0.004808
0 0.057692 0.500000 0.038462 0.062500
0 0.290865 0.444712 0.038462 0.033654
0 0.123798 0.429087 0.007212 0.002404
0 0.133413 0.413462 0.002404 0.004808
0 0.131010 0.401442 0.002404 0.004808
0 0.222356 0.388221 0.007212 0.007212
0 0.192308 0.377404 0.038462 0.024038
0 0.235577 0.353365 0.004808 0.004808
0 0.201923 0.640625 0.375000 0.713942
