0 0.263221 0.620192 0.237981 0.754808
0 0.221154 0.989183 0.009615 0.007212
0 0.219952 0.972356 0.002404 0.002404
0 0.304087 0.962740 0.012019 0.007212
0 0.314904 0.954327 0.009615 0.014423
0 0.195913 0.943510 0.002404 0.002404
0 0.207933 0.937500 0.002404 0.004808
0 0.299279 0.933894 0.002404 0.002404
0 0.221154 0.915865 0.014423 0.009615
0 0.252404 0.938702 0.081731 0.064904
0 0.288462 0.895433 0.004808 0.002404
0 0.217548 0.885817 0.016827 0.007212
0 0.264423 0.856971 0.009615 0.012019
0 0.325721 0.842548 0.007212 0.007212
0 0.191106 0.811298 0.007212 0.002404
0 0.296875 0.774038 0.002404 0.004808
0 0.207933 0.783654 0.012019 0.024038
0 0.276442 0.664663 0.004808 0.002404
0 0.210337 0.620192 0.002404 0.009615
0 0.242788 0.612981 0.009615 0.014423
0 0.243990 0.481971 0.021635 0.036058
0 0.328125 0.460337 0.012019 0.012019
0 0.259615 0.397837 0.024038 0.031250
0 0.266827 0.368990 0.009615 0.012019
0 0.278846 0.320913 0.004808 0.007212
0 0.252404 0.312500 0.004808 0.004808
0 0.251202 0.570913 0.454327 0.853365
