0 0.193510 0.984375 0.002404 0.002404
0 0.248798 0.957933 0.002404 0.002404
0 0.388221 0.956731 0.007212 0.004808
0 0.317308 0.913462 0.004808 0.009615
0 0.388221 0.901442 0.002404 0.004808
0 0.331731 0.776442 0.004808 0.014423
0 0.556490 0.734375 0.002404 0.002404
0 0.332933 0.712740 0.007212 0.016827
0 0.387019 0.693510 0.004808 0.002404
0 0.562500 0.621394 0.004808 0.012019
0 0.563702 0.566106 0.002404 0.002404
0 0.313702 0.639423 0.512019 0.716346
0 0.508413 0.762019 0.012019 0.004808
0 0.500000 0.743990 0.033654 0.021635
0 0.480769 0.730769 0.009615 0.009615
0 0.311298 0.682692 0.319712 0.629808
