0 0.426683 0.808894 0.007212 0.012019
0 0.431490 0.679087 0.007212 0.002404
0 0.324519 0.609375 0.221154 0.776442
0 0.300481 0.986779 0.004808 0.002404
0 0.277644 0.919471 0.012019 0.012019
0 0.300481 0.913462 0.004808 0.004808
0 0.319712 0.901442 0.014423 0.014423
0 0.304087 0.866587 0.002404 0.002404
0 0.325721 0.855769 0.002404 0.004808
0 0.323317 0.846154 0.002404 0.004808
0 0.318510 0.838942 0.007212 0.004808
0 0.268029 0.817308 0.002404 0.004808
0 0.314904 0.764423 0.024038 0.014423
0 0.284856 0.757212 0.012019 0.004808
0 0.263221 0.725962 0.007212 0.004808
0 0.328125 0.719952 0.007212 0.007212
0 0.366587 0.663462 0.002404 0.004808
0 0.331731 0.609375 0.004808 0.007212
0 0.282452 0.592548 0.002404 0.002404
0 0.395433 0.566106 0.002404 0.002404
0 0.307692 0.485577 0.009615 0.009615
0 0.395433 0.483173 0.007212 0.014423
0 0.323317 0.465144 0.002404 0.002404
0 0.306490 0.431490 0.002404 0.002404
0 0.407452 0.426683 0.002404 0.002404
0 0.299279 0.397837 0.007212 0.007212
0 0.387019 0.391827 0.019231 0.028846
0 0.343750 0.366587 0.004808 0.002404
0 0.331731 0.343750 0.004808 0.004808
0 0.412260 0.341346 0.007212 0.004808
0 0.326923 0.329327 0.004808 0.014423
0 0.353365 0.287260 0.014423 0.007212
0 0.408654 0.270433 0.009615 0.012019
0 0.310096 0.564904 0.423077 0.865385
