0 0.222356 0.876202 0.002404 0.002404
0 0.231971 0.873798 0.007212 0.012019
0 0.222356 0.864183 0.002404 0.002404
0 0.219952 0.844952 0.007212 0.007212
0 0.222356 0.822115 0.002404 0.009615
0 0.245192 0.822115 0.038462 0.062500
0 0.230769 0.764423 0.009615 0.009615
0 0.243990 0.765625 0.026442 0.040865
0 0.233173 0.737981 0.004808 0.004808
0 0.235577 0.727163 0.004808 0.007212
0 0.250000 0.703125 0.014423 0.012019
0 0.260817 0.611779 0.007212 0.007212
0 0.259615 0.566106 0.009615 0.007212
0 0.260817 0.526442 0.007212 0.004808
0 0.259615 0.510817 0.009615 0.012019
0 0.259615 0.401442 0.009615 0.009615
0 0.698317 0.314904 0.007212 0.009615
0 0.272837 0.317308 0.012019 0.019231
0 0.681490 0.268029 0.012019 0.016827
0 0.284856 0.258413 0.002404 0.007212
0 0.274038 0.257212 0.009615 0.004808
0 0.453125 0.587740 0.487981 0.810096
0 0.594952 0.158654 0.021635 0.009615
0 0.570913 0.159856 0.016827 0.012019
0 0.419471 0.173077 0.276442 0.052885
0 0.531250 0.145433 0.004808 0.002404
