0 0.637019 0.930288 0.028846 0.009615
0 0.650240 0.917067 0.002404 0.007212
0 0.653846 0.778846 0.014423 0.014423
0 0.650240 0.764423 0.007212 0.004808
0 0.657452 0.721154 0.012019 0.004808
0 0.081731 0.640625 0.004808 0.026442
0 0.668269 0.610577 0.009615 0.004808
0 0.676683 0.568510 0.007212 0.007212
0 0.116587 0.524038 0.002404 0.004808
0 0.681490 0.469952 0.012019 0.007212
0 0.694712 0.362981 0.004808 0.009615
0 0.703125 0.227163 0.021635 0.031250
0 0.256010 0.111779 0.002404 0.002404
0 0.325721 0.110577 0.002404 0.004808
0 0.406250 0.545673 0.625000 0.903846
