0 0.650240 0.873798 0.002404 0.002404
0 0.652644 0.789663 0.002404 0.002404
0 0.667067 0.650240 0.007212 0.016827
0 0.055288 0.644231 0.004808 0.019231
0 0.667067 0.609375 0.007212 0.002404
0 0.671875 0.555288 0.016827 0.009615
0 0.679087 0.472356 0.002404 0.002404
0 0.080529 0.456731 0.007212 0.009615
0 0.082933 0.421875 0.002404 0.016827
0 0.707933 0.223558 0.007212 0.014423
0 0.710337 0.164663 0.012019 0.007212
0 0.707933 0.118990 0.007212 0.021635
0 0.324519 0.082933 0.004808 0.002404
0 0.314904 0.082933 0.004808 0.002404
0 0.370192 0.530048 0.605769 0.935096
