0 0.694712 0.995192 0.038462 0.004808
0 0.608173 0.987981 0.009615 0.004808
0 0.667067 0.943510 0.002404 0.002404
0 0.679087 0.932692 0.007212 0.009615
0 0.608173 0.866587 0.033654 0.031250
0 0.634615 0.818510 0.009615 0.002404
0 0.581731 0.777644 0.004808 0.007212
0 0.693510 0.762019 0.007212 0.004808
0 0.661058 0.777644 0.028846 0.036058
0 0.649038 0.710337 0.009615 0.012019
0 0.609375 0.526442 0.007212 0.004808
0 0.596154 0.471154 0.004808 0.004808
0 0.418269 0.471154 0.009615 0.004808
0 0.604567 0.447115 0.016827 0.014423
0 0.650240 0.431490 0.012019 0.012019
0 0.593750 0.426683 0.009615 0.012019
0 0.598558 0.618990 0.600962 0.757212
