0 0.046875 0.980769 0.012019 0.024038
0 0.665865 0.944712 0.004808 0.004808
0 0.668269 0.882212 0.009615 0.019231
0 0.671875 0.854567 0.012019 0.021635
0 0.669471 0.811298 0.026442 0.031250
0 0.668269 0.719952 0.024038 0.012019
0 0.665865 0.665865 0.009615 0.004808
0 0.682692 0.664663 0.014423 0.007212
0 0.692308 0.581731 0.019231 0.014423
0 0.084135 0.620192 0.028846 0.105769
0 0.094952 0.558894 0.002404 0.007212
0 0.695913 0.514423 0.012019 0.009615
0 0.097356 0.522837 0.016827 0.045673
0 0.705529 0.390625 0.021635 0.012019
0 0.692308 0.371394 0.009615 0.012019
0 0.414663 0.546875 0.646635 0.901442
