0 0.424279 0.594952 0.002404 0.002404
0 0.414663 0.569712 0.007212 0.004808
0 0.395433 0.566106 0.002404 0.002404
0 0.239183 0.570913 0.012019 0.012019
0 0.401442 0.561298 0.004808 0.012019
0 0.378606 0.551683 0.021635 0.012019
0 0.388221 0.526442 0.002404 0.004808
0 0.390625 0.512019 0.012019 0.014423
0 0.204327 0.474760 0.009615 0.016827
0 0.424279 0.460337 0.002404 0.007212
0 0.230769 0.439904 0.028846 0.014423
0 0.233173 0.415865 0.004808 0.004808
0 0.373798 0.405048 0.002404 0.002404
0 0.394231 0.423077 0.038462 0.048077
0 0.201923 0.388221 0.004808 0.002404
0 0.277644 0.381010 0.002404 0.002404
0 0.239183 0.394231 0.040865 0.033654
0 0.346154 0.376202 0.004808 0.002404
0 0.191106 0.375000 0.007212 0.004808
0 0.391827 0.375000 0.024038 0.009615
0 0.362981 0.378606 0.014423 0.021635
0 0.318510 0.361779 0.002404 0.002404
0 0.414663 0.359375 0.002404 0.002404
0 0.350962 0.360577 0.004808 0.004808
0 0.361779 0.336538 0.007212 0.004808
0 0.393029 0.334135 0.021635 0.024038
0 0.423077 0.320913 0.004808 0.016827
0 0.322115 0.623798 0.331731 0.747596
