0 0.390625 0.691106 0.002404 0.012019
0 0.409856 0.664663 0.016827 0.007212
0 0.471154 0.664663 0.009615 0.012019
0 0.608173 0.664663 0.009615 0.016827
0 0.325721 0.662260 0.016827 0.012019
0 0.501202 0.822115 0.396635 0.350962
0 0.659856 0.656250 0.026442 0.028846
0 0.638221 0.639423 0.007212 0.009615
0 0.694712 0.617788 0.009615 0.019231
0 0.665865 0.609375 0.004808 0.007212
0 0.664663 0.596154 0.002404 0.004808
0 0.383413 0.610577 0.040865 0.033654
0 0.331731 0.603365 0.028846 0.024038
0 0.388221 0.590144 0.002404 0.002404
0 0.664663 0.570913 0.002404 0.007212
0 0.610577 0.575721 0.004808 0.016827
0 0.627404 0.563702 0.019231 0.026442
0 0.391827 0.561298 0.024038 0.021635
0 0.401442 0.543269 0.004808 0.004808
0 0.650240 0.539663 0.002404 0.002404
0 0.631010 0.539663 0.002404 0.007212
0 0.700721 0.534856 0.016827 0.045673
0 0.540865 0.500000 0.004808 0.004808
0 0.623798 0.490385 0.002404 0.004808
0 0.635817 0.486779 0.002404 0.007212
0 0.318510 0.474760 0.002404 0.002404
0 0.335337 0.496394 0.040865 0.103365
0 0.331731 0.433894 0.004808 0.012019
0 0.513221 0.407452 0.007212 0.021635
0 0.331731 0.406250 0.009615 0.028846
0 0.332933 0.377404 0.007212 0.009615
0 0.526442 0.319712 0.394231 0.091346
