0 0.792067 0.717548 0.002404 0.002404
0 0.752404 0.418269 0.009615 0.009615
0 0.707933 0.402644 0.045673 0.040865
0 0.689904 0.373798 0.004808 0.002404
0 0.725962 0.362981 0.009615 0.009615
0 0.676683 0.361779 0.007212 0.007212
0 0.777644 0.385817 0.036058 0.069712
0 0.514423 0.663462 0.562500 0.668269
0 0.400240 0.332933 0.007212 0.007212
0 0.734375 0.322115 0.002404 0.009615
0 0.612981 0.330529 0.024038 0.031250
0 0.760817 0.329327 0.069712 0.072115
0 0.695913 0.289663 0.002404 0.002404
0 0.575721 0.289663 0.002404 0.002404
0 0.677885 0.294471 0.009615 0.016827
0 0.699519 0.278846 0.019231 0.009615
0 0.721154 0.270433 0.004808 0.002404
0 0.676683 0.274038 0.007212 0.014423
0 0.486779 0.264423 0.007212 0.004808
0 0.730769 0.265625 0.004808 0.012019
0 0.750000 0.269231 0.019231 0.028846
0 0.700721 0.236779 0.002404 0.002404
0 0.694712 0.245192 0.009615 0.019231
0 0.712740 0.229567 0.002404 0.002404
0 0.736779 0.234375 0.012019 0.016827
0 0.736779 0.215144 0.002404 0.007212
0 0.775240 0.247596 0.045673 0.076923
0 0.713942 0.206731 0.004808 0.004808
0 0.695913 0.209135 0.007212 0.009615
0 0.769231 0.192308 0.004808 0.004808
0 0.768029 0.179087 0.002404 0.002404
0 0.692308 0.186298 0.024038 0.021635
0 0.707933 0.173077 0.002404 0.009615
0 0.727163 0.167067 0.002404 0.002404
