0 0.424279 0.632212 0.002404 0.004808
0 0.340144 0.602163 0.002404 0.002404
0 0.211538 0.592548 0.004808 0.002404
0 0.223558 0.592548 0.009615 0.012019
0 0.347356 0.586538 0.002404 0.004808
0 0.222356 0.554087 0.007212 0.002404
0 0.235577 0.554087 0.009615 0.007212
0 0.403846 0.552885 0.014423 0.014423
0 0.401442 0.512019 0.004808 0.004808
0 0.385817 0.508413 0.007212 0.012019
0 0.401442 0.501202 0.004808 0.002404
0 0.423077 0.472356 0.014423 0.002404
0 0.179087 0.471154 0.002404 0.009615
0 0.199519 0.457933 0.004808 0.002404
0 0.233173 0.455529 0.009615 0.012019
0 0.384615 0.450721 0.009615 0.016827
0 0.277644 0.429087 0.002404 0.002404
0 0.260817 0.431490 0.007212 0.007212
0 0.265625 0.415865 0.007212 0.009615
0 0.209135 0.412260 0.004808 0.012019
0 0.400240 0.417067 0.036058 0.036058
0 0.387019 0.402644 0.004808 0.007212
0 0.372596 0.401442 0.004808 0.004808
0 0.403846 0.385817 0.009615 0.012019
0 0.356971 0.373798 0.026442 0.002404
0 0.254808 0.373798 0.004808 0.002404
0 0.306490 0.390625 0.084135 0.055288
0 0.382212 0.359375 0.004808 0.012019
0 0.430288 0.347356 0.004808 0.002404
0 0.411058 0.340144 0.014423 0.016827
0 0.290865 0.340144 0.009615 0.016827
0 0.250000 0.335337 0.004808 0.007212
0 0.373798 0.331731 0.002404 0.004808
0 0.316106 0.329327 0.012019 0.014423
0 0.371394 0.320913 0.007212 0.007212
0 0.326923 0.615385 0.331731 0.764423
