0 0.099760 0.735577 0.002404 0.004808
0 0.097356 0.585337 0.002404 0.002404
0 0.103365 0.573317 0.014423 0.007212
0 0.094952 0.532452 0.007212 0.002404
0 0.100962 0.545673 0.028846 0.038462
0 0.100962 0.502404 0.038462 0.038462
0 0.082933 0.474760 0.007212 0.012019
0 0.109375 0.431490 0.007212 0.007212
0 0.090144 0.444712 0.016827 0.033654
0 0.081731 0.418269 0.004808 0.004808
0 0.114183 0.406250 0.026442 0.028846
0 0.084135 0.390625 0.004808 0.007212
0 0.106971 0.376202 0.012019 0.007212
0 0.073317 0.375000 0.007212 0.004808
0 0.091346 0.364183 0.004808 0.007212
0 0.301683 0.539663 0.502404 0.901442
