0 0.450721 0.650240 0.002404 0.002404
0 0.253606 0.645433 0.007212 0.002404
0 0.260817 0.637019 0.007212 0.004808
0 0.275240 0.623798 0.016827 0.007212
0 0.347356 0.621394 0.016827 0.016827
0 0.231971 0.622596 0.012019 0.024038
0 0.250000 0.616587 0.028846 0.026442
0 0.311298 0.608173 0.016827 0.019231
0 0.306490 0.550481 0.007212 0.024038
0 0.354567 0.538462 0.002404 0.004808
0 0.365385 0.538462 0.009615 0.014423
0 0.334135 0.533654 0.004808 0.004808
0 0.352163 0.525240 0.002404 0.007212
0 0.340144 0.522837 0.002404 0.007212
0 0.427885 0.512019 0.004808 0.004808
0 0.336538 0.510817 0.004808 0.002404
0 0.318510 0.514423 0.016827 0.019231
0 0.289663 0.506010 0.002404 0.002404
0 0.274038 0.539663 0.052885 0.084135
0 0.426683 0.498798 0.012019 0.007212
0 0.362981 0.504808 0.024038 0.028846
0 0.367788 0.485577 0.004808 0.004808
0 0.199519 0.533654 0.014423 0.115385
0 0.384615 0.473558 0.009615 0.009615
0 0.293269 0.462740 0.048077 0.045673
0 0.323317 0.444712 0.007212 0.014423
0 0.343750 0.447115 0.048077 0.038462
0 0.305288 0.414663 0.004808 0.002404
0 0.292067 0.421875 0.012019 0.016827
0 0.429087 0.401442 0.002404 0.004808
0 0.307692 0.403846 0.004808 0.009615
0 0.280048 0.414663 0.012019 0.031250
0 0.317308 0.390625 0.019231 0.026442
0 0.360577 0.385817 0.028846 0.021635
0 0.264423 0.366587 0.009615 0.016827
0 0.283654 0.356971 0.004808 0.002404
0 0.445913 0.329327 0.012019 0.009615
0 0.429087 0.307692 0.007212 0.009615
0 0.429087 0.292067 0.002404 0.002404
0 0.373798 0.292067 0.007212 0.007212
0 0.354567 0.596154 0.348558 0.802885
