0 0.664663 0.931490 0.002404 0.007212
0 0.679087 0.819712 0.002404 0.004808
0 0.044471 0.770433 0.021635 0.050481
0 0.658654 0.665865 0.004808 0.004808
0 0.042067 0.664663 0.002404 0.002404
0 0.052885 0.618990 0.004808 0.012019
0 0.054087 0.602163 0.002404 0.002404
0 0.042067 0.608173 0.002404 0.033654
0 0.052885 0.556490 0.004808 0.007212
0 0.052885 0.543269 0.004808 0.004808
0 0.056490 0.500000 0.012019 0.004808
0 0.066106 0.429087 0.007212 0.002404
0 0.056490 0.414663 0.002404 0.007212
0 0.354567 0.567308 0.661058 0.860577
