0 0.526442 0.806490 0.004808 0.002404
0 0.549279 0.798077 0.026442 0.024038
0 0.623798 0.766827 0.007212 0.004808
0 0.455529 0.769231 0.007212 0.009615
0 0.524038 0.765625 0.009615 0.007212
0 0.604567 0.754808 0.012019 0.004808
0 0.545673 0.759615 0.014423 0.033654
0 0.566106 0.746394 0.012019 0.012019
0 0.625000 0.746394 0.004808 0.016827
0 0.586538 0.739183 0.024038 0.026442
0 0.510817 0.741587 0.040865 0.031250
0 0.567308 0.691106 0.038462 0.021635
0 0.502404 0.664663 0.009615 0.007212
0 0.550481 0.664663 0.038462 0.016827
0 0.430288 0.653846 0.004808 0.004808
0 0.558894 0.634615 0.007212 0.004808
0 0.627404 0.605769 0.009615 0.009615
0 0.412260 0.596154 0.012019 0.009615
0 0.593750 0.567308 0.009615 0.004808
0 0.484375 0.567308 0.007212 0.004808
0 0.453125 0.585337 0.040865 0.040865
0 0.554087 0.514423 0.002404 0.009615
0 0.449519 0.510817 0.004808 0.007212
0 0.450721 0.481971 0.002404 0.002404
0 0.604567 0.483173 0.007212 0.009615
0 0.471154 0.500000 0.019231 0.043269
0 0.521635 0.467548 0.004808 0.002404
0 0.606971 0.467548 0.012019 0.007212
0 0.493990 0.468750 0.007212 0.009615
0 0.479567 0.468750 0.007212 0.009615
0 0.631010 0.463942 0.007212 0.004808
0 0.550481 0.460337 0.004808 0.007212
0 0.537260 0.460337 0.012019 0.012019
0 0.503606 0.460337 0.021635 0.026442
0 0.438702 0.512019 0.084135 0.129808
0 0.519231 0.438702 0.004808 0.002404
0 0.405048 0.450721 0.007212 0.031250
0 0.551683 0.401442 0.007212 0.004808
0 0.539663 0.401442 0.002404 0.004808
0 0.682692 0.631010 0.629808 0.733173
