0 0.435096 0.681490 0.004808 0.002404
0 0.433894 0.634615 0.007212 0.009615
0 0.415865 0.596154 0.004808 0.004808
0 0.424279 0.594952 0.002404 0.007212
0 0.425481 0.575721 0.024038 0.021635
0 0.417067 0.539663 0.002404 0.002404
0 0.425481 0.520433 0.004808 0.002404
0 0.430288 0.531250 0.014423 0.038462
0 0.417067 0.519231 0.002404 0.019231
0 0.430288 0.467548 0.014423 0.069712
0 0.430288 0.406250 0.014423 0.038462
0 0.429087 0.366587 0.002404 0.002404
0 0.430288 0.335337 0.004808 0.021635
0 0.597356 0.651442 0.266827 0.677885
