0 0.484375 0.989183 0.002404 0.007212
0 0.485577 0.974760 0.009615 0.012019
0 0.518029 0.962740 0.021635 0.021635
0 0.664663 0.936298 0.007212 0.021635
0 0.647837 0.929087 0.012019 0.007212
0 0.471154 0.914663 0.004808 0.007212
0 0.526442 0.901442 0.004808 0.004808
0 0.484375 0.895433 0.002404 0.016827
0 0.665865 0.766827 0.004808 0.009615
0 0.512019 0.709135 0.033654 0.067308
0 0.510817 0.622596 0.012019 0.009615
0 0.526442 0.568510 0.004808 0.007212
0 0.513221 0.401442 0.002404 0.004808
0 0.602163 0.646635 0.497596 0.701923
