0 0.310096 0.626202 0.019231 0.002404
0 0.280048 0.623798 0.012019 0.007212
0 0.176683 0.610577 0.012019 0.009615
0 0.194712 0.605769 0.014423 0.024038
0 0.167067 0.581731 0.002404 0.004808
0 0.282452 0.568510 0.021635 0.007212
0 0.157452 0.542067 0.007212 0.012019
0 0.135817 0.533654 0.007212 0.009615
0 0.207933 0.538462 0.084135 0.057692
0 0.302885 0.498798 0.004808 0.002404
0 0.157452 0.493990 0.055288 0.045673
0 0.225962 0.480769 0.067308 0.067308
0 0.111779 0.443510 0.007212 0.002404
0 0.296875 0.443510 0.016827 0.007212
0 0.289663 0.415865 0.002404 0.004808
0 0.205529 0.427885 0.064904 0.033654
0 0.205529 0.385817 0.002404 0.007212
0 0.194712 0.373798 0.004808 0.002404
0 0.210337 0.626202 0.362981 0.694712
