0 0.856971 0.686298 0.007212 0.016827
0 0.844952 0.681490 0.007212 0.007212
0 0.805288 0.679087 0.028846 0.012019
0 0.967548 0.669471 0.007212 0.021635
0 0.798077 0.661058 0.004808 0.004808
0 0.835337 0.658654 0.012019 0.004808
0 0.780048 0.655048 0.026442 0.016827
0 0.835337 0.640625 0.021635 0.021635
0 0.866587 0.635817 0.016827 0.016827
0 0.786058 0.632212 0.009615 0.014423
0 0.739183 0.620192 0.007212 0.009615
0 0.931490 0.627404 0.021635 0.028846
0 0.841346 0.617788 0.014423 0.009615
0 0.853365 0.606971 0.004808 0.007212
0 0.899038 0.593750 0.009615 0.009615
0 0.789663 0.597356 0.016827 0.016827
0 0.813702 0.582933 0.021635 0.016827
0 0.846154 0.552885 0.302885 0.889423
0 0.536058 0.463942 0.269231 0.615385
