0 0.287260 0.389423 0.012019 0.009615
0 0.292067 0.360577 0.002404 0.004808
0 0.311298 0.346154 0.002404 0.004808
0 0.288462 0.344952 0.009615 0.007212
0 0.276442 0.332933 0.004808 0.007212
0 0.421875 0.318510 0.002404 0.002404
0 0.401442 0.319712 0.004808 0.004808
0 0.289663 0.304087 0.012019 0.007212
0 0.342548 0.289663 0.007212 0.002404
0 0.318510 0.290865 0.002404 0.004808
0 0.408654 0.276442 0.004808 0.004808
0 0.248798 0.283654 0.036058 0.019231
0 0.330529 0.271635 0.007212 0.019231
0 0.277644 0.254808 0.002404 0.009615
0 0.341346 0.233173 0.014423 0.009615
0 0.277644 0.207933 0.002404 0.002404
0 0.481971 0.533654 0.593750 0.927885
