0 0.359375 0.731971 0.007212 0.012019
0 0.331731 0.721154 0.004808 0.004808
0 0.289663 0.705529 0.007212 0.007212
0 0.318510 0.687500 0.002404 0.014423
0 0.336538 0.681490 0.009615 0.007212
0 0.276442 0.694712 0.009615 0.038462
0 0.278846 0.640625 0.009615 0.012019
0 0.318510 0.627404 0.002404 0.004808
0 0.337740 0.617788 0.007212 0.014423
0 0.281250 0.596154 0.009615 0.009615
0 0.430288 0.526442 0.004808 0.004808
0 0.286058 0.513221 0.009615 0.007212
0 0.320913 0.498798 0.016827 0.031250
0 0.485577 0.669471 0.480769 0.656250
