0 0.640625 0.983173 0.036058 0.028846
0 0.542067 0.944712 0.002404 0.004808
0 0.667067 0.935096 0.016827 0.024038
0 0.512019 0.917067 0.004808 0.002404
0 0.608173 0.918269 0.009615 0.014423
0 0.552885 0.901442 0.004808 0.004808
0 0.570913 0.901442 0.012019 0.009615
0 0.569712 0.877404 0.004808 0.009615
0 0.580529 0.868990 0.007212 0.021635
0 0.558894 0.850962 0.016827 0.019231
0 0.502404 0.842548 0.014423 0.016827
0 0.479567 0.618990 0.218750 0.757212
0 0.572115 0.241587 0.009615 0.007212
0 0.787260 0.611779 0.175481 0.771635
