0 0.025240 0.990385 0.002404 0.004808
0 0.033654 0.969952 0.019231 0.012019
0 0.647837 0.923077 0.002404 0.019231
0 0.639423 0.836538 0.004808 0.004808
0 0.645433 0.783654 0.031250 0.033654
0 0.656250 0.715144 0.019231 0.021635
0 0.062500 0.633413 0.028846 0.050481
0 0.674279 0.567308 0.012019 0.019231
0 0.662260 0.519231 0.040865 0.024038
0 0.081731 0.538462 0.033654 0.067308
0 0.680288 0.492788 0.009615 0.009615
0 0.068510 0.490385 0.002404 0.004808
0 0.681490 0.424279 0.026442 0.026442
0 0.687500 0.346154 0.028846 0.043269
0 0.394231 0.531250 0.653846 0.932692
