0 0.651442 0.991587 0.004808 0.002404
0 0.625000 0.989183 0.033654 0.007212
0 0.664663 0.979567 0.002404 0.002404
0 0.486779 0.975962 0.002404 0.004808
0 0.586538 0.963942 0.009615 0.004808
0 0.542067 0.962740 0.002404 0.002404
0 0.585337 0.949519 0.012019 0.014423
0 0.556490 0.931490 0.007212 0.012019
0 0.500000 0.947115 0.057692 0.043269
0 0.510817 0.921875 0.007212 0.012019
0 0.463942 0.902644 0.004808 0.002404
0 0.527644 0.905048 0.012019 0.031250
0 0.629808 0.873798 0.004808 0.002404
0 0.608173 0.865385 0.033654 0.028846
0 0.481971 0.859375 0.036058 0.016827
0 0.674279 0.844952 0.002404 0.002404
0 0.665865 0.846154 0.004808 0.004808
0 0.638221 0.837740 0.002404 0.002404
0 0.530048 0.824519 0.021635 0.019231
0 0.609375 0.810096 0.031250 0.019231
0 0.509615 0.798077 0.009615 0.004808
0 0.492788 0.776442 0.004808 0.004808
0 0.649038 0.745192 0.009615 0.009615
0 0.503606 0.730769 0.026442 0.024038
0 0.645433 0.719952 0.002404 0.007212
0 0.609375 0.699519 0.002404 0.004808
0 0.525240 0.692308 0.007212 0.009615
0 0.581731 0.725962 0.052885 0.086538
0 0.610577 0.675481 0.004808 0.009615
0 0.510817 0.627404 0.036058 0.024038
0 0.526442 0.568510 0.004808 0.007212
0 0.498798 0.506010 0.002404 0.007212
0 0.556490 0.695913 0.377404 0.603365
