0 0.572115 0.979567 0.014423 0.026442
0 0.698317 0.957933 0.007212 0.007212
0 0.472356 0.955529 0.002404 0.007212
0 0.578125 0.938702 0.002404 0.002404
0 0.623798 0.949519 0.127404 0.086538
0 0.506010 0.907452 0.002404 0.012019
0 0.686298 0.902644 0.002404 0.007212
0 0.472356 0.893029 0.002404 0.002404
0 0.629808 0.894231 0.004808 0.009615
0 0.483173 0.890625 0.004808 0.002404
0 0.484375 0.882212 0.007212 0.004808
0 0.656250 0.899038 0.038462 0.062500
0 0.513221 0.868990 0.002404 0.007212
0 0.518029 0.929087 0.088942 0.132212
0 0.500000 0.861779 0.009615 0.012019
0 0.587740 0.867788 0.016827 0.028846
0 0.510817 0.846154 0.002404 0.004808
0 0.497596 0.842548 0.009615 0.012019
0 0.486779 0.817308 0.002404 0.004808
0 0.483173 0.802885 0.009615 0.014423
0 0.554087 0.790865 0.007212 0.004808
0 0.506010 0.805288 0.021635 0.038462
0 0.602163 0.796875 0.021635 0.031250
0 0.530048 0.787260 0.012019 0.012019
0 0.626202 0.777644 0.007212 0.007212
0 0.707933 0.753606 0.002404 0.002404
0 0.610577 0.754808 0.004808 0.004808
0 0.659856 0.765625 0.045673 0.064904
0 0.644231 0.715144 0.019231 0.021635
0 0.640625 0.693510 0.012019 0.002404
0 0.682692 0.692308 0.009615 0.004808
0 0.550481 0.695913 0.009615 0.012019
0 0.667067 0.706731 0.031250 0.043269
0 0.588942 0.677885 0.004808 0.004808
0 0.650240 0.665865 0.007212 0.004808
0 0.585337 0.724760 0.079327 0.122596
0 0.516827 0.700721 0.052885 0.074519
0 0.555288 0.651442 0.004808 0.004808
0 0.623798 0.644231 0.002404 0.004808
0 0.580529 0.641827 0.007212 0.009615
0 0.519231 0.640625 0.033654 0.021635
0 0.588942 0.614183 0.019231 0.021635
0 0.580529 0.582933 0.007212 0.007212
0 0.527644 0.570913 0.002404 0.002404
0 0.651442 0.539663 0.004808 0.002404
0 0.631010 0.533654 0.016827 0.019231
0 0.641827 0.500000 0.014423 0.009615
0 0.540865 0.498798 0.004808 0.007212
0 0.539663 0.484375 0.002404 0.002404
0 0.729567 0.469952 0.002404 0.002404
0 0.526442 0.469952 0.004808 0.002404
0 0.620192 0.475962 0.052885 0.028846
0 0.728365 0.455529 0.004808 0.002404
0 0.510817 0.462740 0.007212 0.016827
0 0.596154 0.453125 0.004808 0.007212
0 0.608173 0.450721 0.009615 0.007212
0 0.727163 0.426683 0.002404 0.002404
0 0.588942 0.427885 0.004808 0.004808
0 0.596154 0.652644 0.466346 0.689904
