0 0.472356 0.840144 0.007212 0.002404
0 0.296875 0.837740 0.031250 0.031250
0 0.393029 0.817308 0.007212 0.009615
0 0.381010 0.828125 0.021635 0.031250
0 0.454327 0.805288 0.004808 0.014423
0 0.342548 0.810096 0.036058 0.028846
0 0.286058 0.801683 0.009615 0.026442
0 0.423077 0.805288 0.048077 0.043269
0 0.311298 0.777644 0.016827 0.016827
0 0.277644 0.765625 0.002404 0.002404
0 0.449519 0.760817 0.019231 0.012019
0 0.365385 0.758413 0.076923 0.055288
0 0.400240 0.707933 0.007212 0.007212
0 0.450721 0.712740 0.031250 0.026442
0 0.330529 0.693510 0.007212 0.007212
0 0.289663 0.709135 0.050481 0.052885
0 0.343750 0.679087 0.004808 0.002404
0 0.457933 0.664663 0.002404 0.002404
0 0.430288 0.664663 0.004808 0.007212
0 0.161058 0.635817 0.004808 0.002404
0 0.469952 0.621394 0.002404 0.007212
0 0.152644 0.612981 0.002404 0.009615
0 0.298077 0.617788 0.057692 0.048077
0 0.355769 0.580529 0.024038 0.012019
0 0.288462 0.563702 0.009615 0.012019
0 0.336538 0.555288 0.004808 0.009615
0 0.378606 0.536058 0.007212 0.009615
0 0.349760 0.531250 0.021635 0.024038
0 0.337740 0.421875 0.012019 0.016827
0 0.353365 0.231971 0.004808 0.002404
0 0.330529 0.231971 0.007212 0.007212
0 0.362981 0.605769 0.456731 0.769231
