0 0.042067 0.628606 0.002404 0.002404
0 0.277644 0.580529 0.002404 0.002404
0 0.044471 0.591346 0.012019 0.024038
0 0.042067 0.573317 0.002404 0.002404
0 0.245192 0.554087 0.004808 0.002404
0 0.173077 0.548077 0.004808 0.004808
0 0.116587 0.540865 0.016827 0.004808
0 0.185096 0.543269 0.009615 0.019231
0 0.153846 0.534856 0.004808 0.007212
0 0.131010 0.534856 0.002404 0.007212
0 0.216346 0.546875 0.043269 0.045673
0 0.121394 0.527644 0.007212 0.007212
0 0.153846 0.510817 0.024038 0.007212
0 0.164663 0.497596 0.016827 0.014423
0 0.056490 0.520433 0.036058 0.103365
0 0.222356 0.436298 0.012019 0.016827
0 0.175481 0.437500 0.024038 0.019231
0 0.201923 0.640625 0.375000 0.713942
