0 0.234375 0.681490 0.007212 0.007212
0 0.248798 0.587740 0.002404 0.007212
0 0.258413 0.566106 0.012019 0.012019
0 0.250000 0.528846 0.004808 0.009615
0 0.263221 0.376202 0.002404 0.007212
0 0.274038 0.353365 0.009615 0.014423
0 0.700721 0.317308 0.002404 0.004808
0 0.251202 0.293269 0.002404 0.004808
0 0.700721 0.290865 0.002404 0.004808
0 0.703125 0.259615 0.002404 0.009615
0 0.260817 0.236779 0.007212 0.002404
0 0.454327 0.586538 0.490385 0.812500
0 0.611779 0.158654 0.002404 0.009615
0 0.621394 0.149038 0.007212 0.014423
0 0.659856 0.141827 0.002404 0.004808
0 0.436298 0.170673 0.338942 0.062500
0 0.635817 0.140625 0.007212 0.007212
