0 0.627404 0.736779 0.004808 0.002404
0 0.522837 0.586538 0.233173 0.485577
0 0.477163 0.811298 0.012019 0.012019
0 0.457933 0.784856 0.016827 0.031250
0 0.569712 0.694712 0.004808 0.009615
0 0.590144 0.575721 0.007212 0.002404
0 0.503606 0.477163 0.007212 0.002404
0 0.513221 0.429087 0.007212 0.002404
0 0.480769 0.432692 0.019231 0.014423
0 0.534856 0.421875 0.016827 0.016827
0 0.552885 0.405048 0.028846 0.026442
0 0.473558 0.391827 0.004808 0.004808
0 0.468750 0.383413 0.009615 0.007212
0 0.513221 0.396635 0.031250 0.038462
0 0.483173 0.621394 0.326923 0.637019
