0 0.646635 0.963942 0.014423 0.004808
0 0.664663 0.960337 0.002404 0.002404
0 0.614183 0.949519 0.026442 0.019231
0 0.582933 0.927885 0.002404 0.009615
0 0.620192 0.921875 0.004808 0.002404
0 0.604567 0.924279 0.002404 0.007212
0 0.556490 0.902644 0.002404 0.002404
0 0.626202 0.890625 0.021635 0.002404
0 0.622596 0.878606 0.014423 0.012019
0 0.568510 0.859375 0.002404 0.002404
0 0.612981 0.855769 0.024038 0.014423
0 0.580529 0.854567 0.007212 0.012019
0 0.662260 0.843750 0.012019 0.014423
0 0.621394 0.832933 0.026442 0.012019
0 0.631010 0.822115 0.002404 0.004808
0 0.674279 0.814904 0.012019 0.009615
0 0.604567 0.801683 0.002404 0.002404
0 0.664663 0.783654 0.002404 0.004808
0 0.645433 0.783654 0.002404 0.004808
0 0.657452 0.768029 0.021635 0.016827
0 0.674279 0.741587 0.002404 0.002404
0 0.579327 0.745192 0.009615 0.014423
0 0.658654 0.741587 0.019231 0.021635
0 0.699519 0.730769 0.004808 0.009615
0 0.655048 0.718750 0.050481 0.019231
0 0.706731 0.709135 0.014423 0.014423
0 0.588942 0.705529 0.028846 0.016827
0 0.724760 0.692308 0.012019 0.014423
0 0.706731 0.688702 0.009615 0.012019
0 0.667067 0.683894 0.002404 0.002404
0 0.662260 0.658654 0.026442 0.033654
0 0.658654 0.609375 0.004808 0.002404
0 0.667067 0.608173 0.002404 0.004808
0 0.723558 0.569712 0.009615 0.004808
0 0.587740 0.568510 0.002404 0.002404
0 0.692308 0.563702 0.004808 0.002404
0 0.651442 0.546875 0.004808 0.002404
0 0.651442 0.578125 0.067308 0.074519
0 0.618990 0.550481 0.031250 0.043269
0 0.687500 0.519231 0.014423 0.014423
0 0.657452 0.705529 0.367788 0.584135
