0 0.581731 0.687500 0.009615 0.043269
0 0.722356 0.655048 0.007212 0.002404
0 0.651442 0.651442 0.014423 0.019231
0 0.626202 0.638221 0.007212 0.002404
0 0.756010 0.623798 0.007212 0.002404
0 0.427885 0.628606 0.033654 0.016827
0 0.431490 0.602163 0.002404 0.002404
0 0.686298 0.594952 0.002404 0.002404
0 0.697115 0.617788 0.067308 0.057692
0 0.665865 0.602163 0.004808 0.026442
0 0.594952 0.575721 0.002404 0.002404
0 0.763221 0.579327 0.007212 0.014423
0 0.409856 0.568510 0.002404 0.007212
0 0.454327 0.573317 0.096154 0.055288
0 0.721154 0.544471 0.004808 0.002404
0 0.484375 0.545673 0.002404 0.004808
0 0.709135 0.550481 0.009615 0.019231
0 0.408654 0.540865 0.004808 0.004808
0 0.514423 0.551683 0.014423 0.031250
0 0.681490 0.560096 0.036058 0.052885
0 0.471154 0.539663 0.009615 0.012019
0 0.569712 0.530048 0.004808 0.002404
0 0.366587 0.527644 0.002404 0.002404
0 0.644231 0.525240 0.004808 0.007212
0 0.548077 0.527644 0.028846 0.012019
0 0.621394 0.572115 0.079327 0.129808
0 0.396635 0.498798 0.014423 0.016827
0 0.456731 0.475962 0.009615 0.014423
0 0.576923 0.463942 0.014423 0.019231
0 0.638221 0.448317 0.002404 0.002404
0 0.459135 0.430288 0.004808 0.004808
0 0.608173 0.417067 0.004808 0.007212
0 0.473558 0.409856 0.009615 0.007212
0 0.590144 0.425481 0.026442 0.052885
0 0.618990 0.449519 0.050481 0.105769
0 0.522837 0.597356 0.627404 0.800481
