0 0.381010 0.835337 0.016827 0.012019
0 0.306490 0.836538 0.012019 0.024038
0 0.293269 0.837740 0.014423 0.026442
0 0.471154 0.788462 0.004808 0.004808
0 0.430288 0.800481 0.043269 0.052885
0 0.307692 0.778846 0.024038 0.024038
0 0.456731 0.745192 0.033654 0.033654
0 0.436298 0.706731 0.016827 0.004808
0 0.457933 0.677885 0.007212 0.004808
0 0.354567 0.735577 0.055288 0.125000
0 0.468750 0.616587 0.009615 0.007212
0 0.415865 0.610577 0.004808 0.004808
0 0.290865 0.612981 0.009615 0.009615
0 0.347356 0.604567 0.002404 0.007212
0 0.275240 0.602163 0.007212 0.016827
0 0.354567 0.586538 0.016827 0.024038
0 0.402644 0.533654 0.002404 0.004808
0 0.293269 0.550481 0.033654 0.057692
0 0.390625 0.521635 0.012019 0.019231
0 0.334135 0.521635 0.038462 0.033654
0 0.354567 0.469952 0.002404 0.002404
0 0.277644 0.469952 0.002404 0.002404
0 0.346154 0.462740 0.004808 0.002404
0 0.558894 0.456731 0.012019 0.004808
0 0.352163 0.438702 0.021635 0.016827
0 0.370192 0.424279 0.004808 0.007212
0 0.337740 0.421875 0.007212 0.007212
0 0.501202 0.407452 0.002404 0.007212
0 0.501202 0.393029 0.002404 0.007212
0 0.489183 0.253606 0.012019 0.012019
0 0.367788 0.609375 0.447115 0.762019
