0 0.877404 0.430288 0.240385 0.298077
0 0.876202 0.924279 0.242788 0.146635
0 0.633413 0.431490 0.237981 0.286058
0 0.358173 0.883413 0.009615 0.012019
0 0.325721 0.868990 0.002404 0.007212
0 0.318510 0.870192 0.002404 0.009615
0 0.281250 0.873798 0.009615 0.016827
0 0.294471 0.867788 0.012019 0.019231
0 0.353365 0.862981 0.028846 0.014423
0 0.252404 0.864183 0.024038 0.031250
0 0.355769 0.873798 0.225962 0.242788
0 0.453125 0.743990 0.007212 0.007212
0 0.298077 0.643029 0.355769 0.531250
0 0.617788 0.917067 0.259615 0.161058
