0 0.784856 0.685096 0.002404 0.004808
0 0.079327 0.340144 0.004808 0.002404
0 0.909856 0.080529 0.007212 0.007212
0 0.872596 0.080529 0.014423 0.007212
0 0.769231 0.082933 0.014423 0.016827
0 0.650240 0.075721 0.002404 0.002404
0 0.608173 0.075721 0.004808 0.002404
0 0.728365 0.073317 0.004808 0.007212
0 0.625000 0.073317 0.004808 0.007212
0 0.069712 0.063702 0.009615 0.002404
0 0.496394 0.061298 0.007212 0.002404
0 0.356971 0.062500 0.007212 0.004808
0 0.561298 0.063702 0.016827 0.012019
0 0.347356 0.062500 0.002404 0.009615
0 0.591346 0.067308 0.024038 0.024038
0 0.485577 0.057692 0.004808 0.004808
0 0.469952 0.049279 0.002404 0.002404
0 0.251202 0.050481 0.012019 0.014423
0 0.481971 0.515625 0.872596 0.963942
0 0.509615 0.543269 0.769231 0.908654
