0 0.102163 0.781250 0.002404 0.009615
0 0.091346 0.723558 0.009615 0.014423
0 0.074519 0.634615 0.009615 0.014423
0 0.072115 0.612981 0.009615 0.009615
0 0.080529 0.599760 0.007212 0.007212
0 0.061298 0.557692 0.016827 0.014423
0 0.064904 0.532452 0.004808 0.007212
0 0.066106 0.490385 0.016827 0.038462
0 0.062500 0.455529 0.014423 0.021635
0 0.046875 0.441106 0.007212 0.021635
0 0.056490 0.409856 0.002404 0.002404
0 0.037260 0.387019 0.007212 0.004808
0 0.037260 0.370192 0.007212 0.014423
0 0.036058 0.348558 0.009615 0.004808
0 0.040865 0.282452 0.004808 0.007212
0 0.027644 0.248798 0.016827 0.012019
0 0.016827 0.137019 0.004808 0.009615
0 0.014423 0.093750 0.009615 0.009615
0 0.012019 0.046875 0.004808 0.002404
0 0.188702 0.498798 0.372596 0.997596
0 0.579327 0.459135 0.519231 0.918269
