0 0.440625 0.542969 0.264583 0.810937
0 0.088542 0.992969 0.002083 0.001563
0 0.087500 0.985938 0.016667 0.006250
0 0.033333 0.981250 0.066667 0.028125
0 0.063542 0.918750 0.002083 0.003125
0 0.034375 0.916406 0.060417 0.051562
0 0.045833 0.773438 0.016667 0.009375
0 0.033333 0.747656 0.016667 0.007812
0 0.061458 0.693750 0.002083 0.003125
0 0.012500 0.631250 0.020833 0.015625
0 0.026042 0.582812 0.002083 0.003125
0 0.042708 0.513281 0.006250 0.004687
0 0.042708 0.500781 0.002083 0.001563
0 0.005208 0.471875 0.006250 0.003125
0 0.026042 0.374219 0.002083 0.004687
0 0.009375 0.331250 0.014583 0.006250
0 0.009375 0.272656 0.002083 0.004687
0 0.110417 0.536719 0.212500 0.923438
0 0.250000 0.499219 0.250000 0.998437
