0 0.416667 0.553125 0.141667 0.890625
0 0.403125 0.997656 0.006250 0.001563
0 0.430208 0.623437 0.002083 0.003125
0 0.457292 0.609375 0.002083 0.003125
0 0.456250 0.554688 0.016667 0.006250
0 0.439583 0.556250 0.008333 0.012500
0 0.438542 0.535156 0.006250 0.007812
0 0.441667 0.518750 0.008333 0.006250
0 0.445833 0.499219 0.004167 0.004687
0 0.398958 0.470313 0.010417 0.009375
0 0.400000 0.456250 0.004167 0.003125
0 0.452083 0.426563 0.008333 0.006250
0 0.403125 0.417187 0.002083 0.003125
0 0.453125 0.413281 0.002083 0.004687
0 0.406250 0.403906 0.008333 0.017188
0 0.455208 0.395313 0.006250 0.009375
0 0.454167 0.370312 0.008333 0.009375
0 0.415625 0.339062 0.010417 0.018750
0 0.462500 0.339844 0.008333 0.032813
0 0.417708 0.289844 0.002083 0.004687
0 0.409375 0.631250 0.127083 0.734375
0 0.417708 0.263281 0.002083 0.007812
0 0.426042 0.223438 0.010417 0.015625
0 0.471875 0.228906 0.014583 0.032813
0 0.447917 0.225781 0.025000 0.026562
0 0.447917 0.209375 0.004167 0.003125
0 0.448958 0.202344 0.002083 0.001563
0 0.429167 0.200781 0.004167 0.004687
0 0.481250 0.193750 0.004167 0.009375
0 0.444792 0.182812 0.002083 0.006250
0 0.461458 0.182031 0.022917 0.023438
0 0.440625 0.175781 0.010417 0.010937
0 0.480208 0.146875 0.002083 0.003125
0 0.601042 0.403125 0.214583 0.584375
