0 0.547917 0.976562 0.004167 0.003125
0 0.240625 0.972656 0.006250 0.007812
0 0.546875 0.960156 0.002083 0.004687
0 0.238542 0.960156 0.002083 0.004687
0 0.548958 0.951562 0.002083 0.003125
0 0.535417 0.943750 0.004167 0.015625
0 0.559375 0.929688 0.002083 0.006250
0 0.533333 0.901563 0.008333 0.018750
0 0.242708 0.918750 0.018750 0.071875
0 0.552083 0.871094 0.004167 0.010937
0 0.540625 0.839844 0.002083 0.004687
0 0.248958 0.843750 0.010417 0.037500
0 0.556250 0.795312 0.012500 0.015625
0 0.419792 0.683594 0.393750 0.629687
0 0.542708 0.701562 0.060417 0.587500
