0 0.458333 0.670312 0.016667 0.015625
0 0.466667 0.652344 0.012500 0.010937
0 0.461458 0.607812 0.027083 0.031250
0 0.344792 0.569531 0.006250 0.004687
0 0.256250 0.549219 0.004167 0.001563
0 0.444792 0.519531 0.002083 0.001563
0 0.243750 0.654687 0.029167 0.275000
0 0.257292 0.507812 0.002083 0.003125
0 0.328125 0.496094 0.010417 0.010937
0 0.473958 0.443750 0.002083 0.003125
0 0.487500 0.442969 0.012500 0.007812
0 0.314583 0.429688 0.012500 0.012500
0 0.480208 0.423438 0.002083 0.003125
0 0.257292 0.424219 0.006250 0.010937
0 0.459375 0.423438 0.018750 0.018750
0 0.285417 0.416406 0.004167 0.004687
0 0.471875 0.391406 0.002083 0.007812
0 0.465625 0.388281 0.002083 0.004687
0 0.296875 0.372656 0.022917 0.004687
0 0.471875 0.366406 0.002083 0.001563
0 0.492708 0.345313 0.002083 0.003125
0 0.256250 0.332031 0.004167 0.004687
0 0.280208 0.330469 0.010417 0.007812
0 0.462500 0.329688 0.016667 0.009375
0 0.485417 0.325781 0.020833 0.017188
0 0.260417 0.311719 0.004167 0.004687
0 0.488542 0.267969 0.006250 0.004687
0 0.244792 0.377344 0.027083 0.264062
0 0.246875 0.237500 0.002083 0.006250
0 0.381250 0.211719 0.004167 0.004687
0 0.390625 0.392188 0.335417 0.375000
