0 0.423958 0.682031 0.060417 0.632812
0 0.025000 0.659375 0.050000 0.671875
0 0.410417 0.996094 0.008333 0.004687
0 0.423958 0.908594 0.006250 0.007812
0 0.008333 0.903906 0.016667 0.189062
0 0.014583 0.702344 0.029167 0.173437
0 0.016667 0.597656 0.033333 0.051562
0 0.034375 0.539062 0.002083 0.006250
0 0.022917 0.517969 0.033333 0.029687
0 0.038542 0.493750 0.002083 0.009375
0 0.005208 0.475000 0.010417 0.031250
0 0.022917 0.442188 0.037500 0.040625
0 0.022917 0.396094 0.004167 0.004687
0 0.009375 0.390625 0.018750 0.050000
0 0.244792 0.653125 0.489583 0.690625
