0 0.891667 0.727344 0.212500 0.157812
0 0.888542 0.553906 0.214583 0.173437
0 0.888542 0.367188 0.214583 0.178125
0 0.890625 0.240625 0.214583 0.118750
0 0.905208 0.969531 0.002083 0.001563
0 0.948958 0.975000 0.060417 0.028125
0 0.909375 0.950000 0.022917 0.031250
0 0.940625 0.940625 0.035417 0.025000
0 0.912500 0.899219 0.004167 0.004687
0 0.900000 0.892969 0.008333 0.014063
0 0.886458 0.864844 0.002083 0.007812
0 0.718750 0.853906 0.004167 0.004687
0 0.712500 0.833594 0.008333 0.007812
0 0.717708 0.807813 0.002083 0.009375
0 0.792708 0.222656 0.002083 0.014063
0 0.983333 0.213281 0.008333 0.007812
0 0.856250 0.599219 0.283333 0.798438
0 0.213542 0.579688 0.281250 0.837500
