1 0.8377403846153846 0.3173076923076923 0.01201923076923077 0.02403846153846154
1 0.5516826923076923 0.328125 0.007211538461538462 0.021634615384615384
1 0.7896634615384616 0.3870192307692308 0.007211538461538462 0.01201923076923077
1 0.9675480769230769 0.43509615384615385 0.01201923076923077 0.055288461538461536
0 0.9302884615384616 0.47836538461538464 0.11298076923076923 0.9567307692307693
1 0.5516826923076923 0.4567307692307692 0.007211538461538462 0.019230769230769232
0 0.53125 0.46033653846153844 0.05048076923076923 0.4375
1 0.8389423076923077 0.47115384615384615 0.009615384615384616 0.021634615384615384
1 0.7896634615384616 0.4795673076923077 0.007211538461538462 0.01201923076923077
3 0.5204326923076923 0.48197115384615385 0.019230769230769232 0.009615384615384616
0 0.7824519230769231 0.484375 0.021634615384615384 0.25240384615384615
0 0.8617788461538461 0.49038461538461536 0.04567307692307692 0.42788461538461536
3 0.7728365384615384 0.49759615384615385 0.009615384615384616 0.007211538461538462
2 0.8737980769230769 0.5072115384615384 0.021634615384615384 0.026442307692307692
1 0.7896634615384616 0.5685096153846154 0.009615384615384616 0.01201923076923077
1 0.5516826923076923 0.5877403846153846 0.007211538461538462 0.019230769230769232
1 0.8413461538461539 0.6225961538461539 0.009615384615384616 0.026442307692307692
1 0.9699519230769231 0.8149038461538461 0.01201923076923077 0.055288461538461536
1 0.96875 0.040865384615384616 0.016826923076923076 0.0625