0 0.169792 0.488281 0.181250 0.976562
0 0.062500 0.499219 0.095833 0.998437
0 0.620833 0.850000 0.066667 0.293750
0 0.643750 0.665625 0.041667 0.093750
0 0.648958 0.595313 0.006250 0.009375
0 0.654167 0.582812 0.033333 0.053125
0 0.660417 0.530469 0.029167 0.023438
0 0.675000 0.497656 0.008333 0.020313
0 0.678125 0.480469 0.002083 0.001563
0 0.671875 0.476562 0.002083 0.006250
0 0.680208 0.460938 0.010417 0.018750
0 0.700000 0.331250 0.004167 0.003125
0 0.675000 0.304688 0.004167 0.006250
0 0.706250 0.288281 0.004167 0.010937
0 0.722917 0.003906 0.033333 0.007812
0 0.062500 0.499219 0.095833 0.998437
