0 0.548958 0.612500 0.231250 0.743750
0 0.621875 0.811719 0.002083 0.007812
0 0.634375 0.666406 0.002083 0.004687
0 0.964583 0.802344 0.054167 0.289062
0 0.994792 0.597656 0.006250 0.007812
0 0.813542 0.274219 0.368750 0.029687
0 0.444792 0.977344 0.010417 0.010937
0 0.446875 0.932813 0.031250 0.071875
0 0.536458 0.925781 0.152083 0.117188
0 0.460417 0.719531 0.050000 0.329688
0 0.632292 0.396094 0.002083 0.001563
0 0.629167 0.604688 0.041667 0.456250
0 0.643750 0.360938 0.004167 0.006250
0 0.654167 0.331250 0.012500 0.043750
0 0.623958 0.296094 0.002083 0.001563
0 0.564583 0.393750 0.195833 0.315625
