0 0.430208 0.465625 0.406250 0.650000
0 0.365625 0.770312 0.006250 0.009375
0 0.412500 0.760156 0.012500 0.014063
0 0.428125 0.756250 0.010417 0.015625
0 0.384375 0.750781 0.010417 0.007812
0 0.364583 0.750781 0.012500 0.007812
0 0.400000 0.740625 0.008333 0.021875
0 0.465625 0.742188 0.047917 0.037500
0 0.558333 0.717187 0.158333 0.065625
0 0.630208 0.584375 0.006250 0.065625
0 0.627083 0.387500 0.012500 0.112500
0 0.632292 0.296875 0.002083 0.018750
0 0.631250 0.264062 0.004167 0.006250
0 0.623958 0.153906 0.014583 0.001563
0 0.527083 0.150781 0.004167 0.001563
0 0.575000 0.150781 0.062500 0.004687
0 0.420833 0.146094 0.095833 0.007812
0 0.268750 0.462500 0.175000 0.668750
