0 0.446875 0.406250 0.306250 0.521875
0 0.383333 0.671094 0.008333 0.001563
0 0.402083 0.664844 0.004167 0.001563
0 0.435417 0.656250 0.004167 0.003125
0 0.490625 0.643750 0.002083 0.003125
0 0.466667 0.648438 0.025000 0.015625
0 0.530208 0.637500 0.043750 0.018750
0 0.580208 0.629687 0.027083 0.031250
0 0.339583 0.474219 0.012500 0.010937
0 0.593750 0.513281 0.016667 0.101562
0 0.333333 0.373437 0.004167 0.006250
0 0.344792 0.367969 0.002083 0.004687
0 0.325000 0.350000 0.004167 0.006250
0 0.594792 0.376563 0.022917 0.125000
0 0.602083 0.301563 0.004167 0.012500
0 0.593750 0.260937 0.008333 0.003125
0 0.592708 0.247656 0.018750 0.014063
0 0.438542 0.403906 0.331250 0.542188
