0 0.696875 0.639062 0.010417 0.006250
0 0.709375 0.625000 0.002083 0.003125
0 0.716667 0.624219 0.004167 0.004687
0 0.703125 0.620313 0.010417 0.012500
0 0.614583 0.611719 0.025000 0.014063
0 0.648958 0.607812 0.010417 0.012500
0 0.628125 0.596875 0.014583 0.003125
0 0.701042 0.597656 0.006250 0.007812
0 0.622917 0.591406 0.004167 0.004687
0 0.669792 0.586719 0.022917 0.014063
0 0.641667 0.568750 0.004167 0.003125
0 0.681250 0.547656 0.004167 0.020313
0 0.702083 0.527344 0.004167 0.004687
0 0.680208 0.528125 0.006250 0.006250
0 0.619792 0.547656 0.052083 0.064062
0 0.692708 0.508594 0.031250 0.020313
0 0.707292 0.492188 0.002083 0.003125
0 0.666667 0.730469 0.158333 0.485938
0 0.744792 0.408594 0.002083 0.001563
0 0.672917 0.406250 0.158333 0.206250
0 0.422917 0.642188 0.037500 0.706250
