0 0.568750 0.603125 0.320833 0.550000
0 0.468750 0.875000 0.037500 0.003125
0 0.616667 0.867969 0.004167 0.001563
0 0.586458 0.866406 0.014583 0.004687
0 0.541667 0.861719 0.020833 0.020313
0 0.620833 0.839063 0.008333 0.006250
0 0.653125 0.833594 0.002083 0.001563
0 0.536458 0.830469 0.006250 0.004687
0 0.648958 0.825781 0.006250 0.004687
0 0.689583 0.842187 0.012500 0.040625
0 0.576042 0.821875 0.006250 0.009375
0 0.550000 0.800781 0.154167 0.017188
0 0.658333 0.790625 0.004167 0.003125
0 0.642708 0.792969 0.018750 0.007812
0 0.457292 0.782813 0.018750 0.018750
0 0.659375 0.762500 0.006250 0.009375
0 0.440625 0.756250 0.006250 0.006250
0 0.464583 0.716406 0.004167 0.001563
0 0.467708 0.700781 0.002083 0.001563
0 0.471875 0.656250 0.010417 0.009375
0 0.673958 0.650781 0.002083 0.004687
0 0.472917 0.583594 0.025000 0.004687
0 0.452083 0.582031 0.004167 0.004687
0 0.478125 0.568750 0.002083 0.006250
0 0.451042 0.546094 0.002083 0.004687
0 0.668750 0.515625 0.008333 0.006250
0 0.465625 0.508594 0.043750 0.026562
0 0.487500 0.486719 0.004167 0.004687
0 0.461458 0.465625 0.002083 0.003125
0 0.492708 0.401562 0.018750 0.028125
0 0.459375 0.353125 0.002083 0.003125
0 0.473958 0.341406 0.002083 0.001563
0 0.568750 0.600781 0.325000 0.551562
0 0.967708 0.714063 0.060417 0.531250
0 0.848958 0.585938 0.297917 0.556250
0 0.004167 0.724219 0.008333 0.132812
0 0.005208 0.616406 0.010417 0.060937
0 0.182292 0.571094 0.364583 0.623437
