0 0.519792 0.670312 0.481250 0.656250
0 0.221875 0.847656 0.002083 0.007812
0 0.220833 0.837500 0.004167 0.003125
0 0.217708 0.790625 0.002083 0.003125
0 0.208333 0.790625 0.004167 0.003125
0 0.207292 0.750781 0.002083 0.001563
0 0.222917 0.692187 0.012500 0.009375
0 0.220833 0.624219 0.004167 0.004687
0 0.253125 0.625000 0.110417 0.746875
0 0.685417 0.221875 0.004167 0.006250
0 0.629167 0.217969 0.033333 0.004687
0 0.753125 0.604688 0.081250 0.784375
0 0.440625 0.218750 0.010417 0.012500
0 0.387500 0.210156 0.008333 0.007812
