0 0.278125 0.645312 0.002083 0.003125
0 0.332292 0.610938 0.002083 0.003125
0 0.209375 0.587500 0.002083 0.003125
0 0.200000 0.595313 0.020833 0.034375
0 0.205208 0.530469 0.010417 0.010937
0 0.163542 0.531250 0.035417 0.043750
0 0.259375 0.528125 0.031250 0.040625
0 0.047917 0.543750 0.016667 0.118750
0 0.041667 0.483594 0.004167 0.017188
0 0.228125 0.469531 0.002083 0.001563
0 0.182292 0.464844 0.014583 0.017188
0 0.238542 0.456250 0.010417 0.006250
0 0.042708 0.446875 0.002083 0.003125
0 0.045833 0.432031 0.008333 0.007812
0 0.235417 0.415625 0.004167 0.009375
0 0.201042 0.414062 0.031250 0.034375
0 0.041667 0.364063 0.012500 0.009375
0 0.044792 0.339062 0.006250 0.006250
0 0.081250 0.329688 0.008333 0.009375
0 0.234375 0.610938 0.414583 0.775000
0 0.038542 0.768750 0.027083 0.418750
0 0.035417 0.532031 0.020833 0.032813
0 0.033333 0.456250 0.029167 0.078125
0 0.151042 0.224219 0.006250 0.004687
0 0.200000 0.223438 0.012500 0.006250
0 0.076042 0.316406 0.131250 0.192188
0 0.258333 0.224219 0.066667 0.010937
0 0.395833 0.607031 0.162500 0.779687
