0 0.313542 0.667188 0.006250 0.015625
0 0.312500 0.646875 0.008333 0.009375
0 0.313542 0.598437 0.010417 0.015625
0 0.298958 0.592187 0.006250 0.009375
0 0.313542 0.578125 0.010417 0.012500
0 0.315625 0.538281 0.006250 0.007812
0 0.312500 0.522656 0.004167 0.007812
0 0.314583 0.504687 0.012500 0.006250
0 0.316667 0.497656 0.004167 0.001563
0 0.312500 0.482031 0.004167 0.010937
0 0.311458 0.429688 0.035417 0.075000
0 0.329167 0.385156 0.004167 0.010937
0 0.303125 0.346875 0.027083 0.043750
0 0.315625 0.273438 0.035417 0.096875
0 0.595833 0.439844 0.491667 0.523438
