0 0.205208 0.537500 0.006250 0.012500
0 0.106250 0.516406 0.212500 0.739062
0 0.200000 0.821875 0.016667 0.034375
0 0.201042 0.769531 0.002083 0.004687
0 0.202083 0.738281 0.008333 0.039062
0 0.207292 0.688281 0.006250 0.020313
0 0.212500 0.658594 0.004167 0.001563
0 0.206250 0.629687 0.004167 0.006250
0 0.207292 0.587500 0.010417 0.046875
0 0.213542 0.532031 0.014583 0.029687
0 0.209375 0.492969 0.014583 0.032813
0 0.211458 0.450000 0.018750 0.034375
0 0.209375 0.327344 0.002083 0.001563
0 0.212500 0.346875 0.012500 0.056250
0 0.211458 0.305469 0.010417 0.020313
0 0.215625 0.292969 0.002083 0.001563
0 0.215625 0.284375 0.002083 0.003125
0 0.211458 0.250000 0.010417 0.034375
0 0.370833 0.514062 0.387500 0.784375
0 0.909375 0.660937 0.002083 0.003125
0 0.944792 0.653906 0.043750 0.020313
0 0.775000 0.104688 0.004167 0.006250
0 0.779167 0.082812 0.008333 0.006250
0 0.760417 0.077344 0.004167 0.004687
0 0.752083 0.067187 0.016667 0.028125
0 0.837500 0.507812 0.320833 0.981250
