0 0.235417 0.782813 0.004167 0.003125
0 0.291667 0.779687 0.004167 0.003125
0 0.178125 0.768750 0.006250 0.003125
0 0.235417 0.764062 0.008333 0.003125
0 0.288542 0.753125 0.010417 0.018750
0 0.304167 0.742188 0.004167 0.003125
0 0.105208 0.728125 0.010417 0.009375
0 0.277083 0.700000 0.004167 0.003125
0 0.260417 0.700781 0.008333 0.004687
0 0.100000 0.702344 0.008333 0.007812
0 0.246875 0.693750 0.006250 0.015625
0 0.270833 0.683594 0.012500 0.010937
0 0.153125 0.680469 0.006250 0.004687
0 0.190625 0.715625 0.093750 0.084375
0 0.290625 0.675000 0.006250 0.012500
0 0.277083 0.668750 0.008333 0.006250
0 0.185417 0.664844 0.004167 0.001563
0 0.125000 0.665625 0.004167 0.003125
0 0.273958 0.653906 0.002083 0.004687
0 0.093750 0.646875 0.008333 0.006250
0 0.122917 0.648438 0.008333 0.012500
0 0.076042 0.644531 0.002083 0.004687
0 0.246875 0.641406 0.006250 0.004687
0 0.141667 0.650000 0.025000 0.031250
0 0.090625 0.621875 0.002083 0.003125
0 0.244792 0.602344 0.002083 0.001563
0 0.262500 0.607031 0.037500 0.014063
0 0.293750 0.584375 0.029167 0.015625
0 0.096875 0.556250 0.014583 0.012500
0 0.287500 0.542969 0.004167 0.001563
0 0.077083 0.580469 0.020833 0.098437
0 0.082292 0.518750 0.002083 0.003125
0 0.089583 0.510938 0.008333 0.012500
0 0.253125 0.500781 0.002083 0.001563
0 0.147917 0.499219 0.008333 0.004687
0 0.171875 0.486719 0.002083 0.001563
0 0.150000 0.482812 0.012500 0.018750
0 0.111458 0.463281 0.006250 0.004687
0 0.143750 0.456250 0.016667 0.015625
0 0.123958 0.437500 0.002083 0.003125
0 0.150000 0.433594 0.008333 0.004687
0 0.191667 0.564063 0.145833 0.287500
0 0.082292 0.411719 0.002083 0.004687
0 0.164583 0.412500 0.016667 0.012500
0 0.275000 0.456250 0.062500 0.115625
0 0.317708 0.395313 0.002083 0.003125
0 0.295833 0.389062 0.008333 0.003125
0 0.311458 0.389062 0.006250 0.006250
0 0.166667 0.388281 0.004167 0.004687
0 0.186458 0.387500 0.006250 0.006250
0 0.300000 0.382031 0.008333 0.004687
0 0.093750 0.384375 0.008333 0.015625
0 0.254167 0.375781 0.004167 0.004687
0 0.320833 0.368750 0.008333 0.012500
0 0.296875 0.367969 0.018750 0.017188
0 0.318750 0.355469 0.004167 0.001563
0 0.292708 0.348438 0.006250 0.003125
0 0.202083 0.360938 0.112500 0.062500
0 0.235417 0.606250 0.358333 0.784375
0 0.480208 0.595313 0.135417 0.390625
