0 0.566667 0.603125 0.004167 0.003125
0 0.566667 0.405469 0.008333 0.010937
0 0.387500 0.563281 0.366667 0.870313
0 0.331250 0.846094 0.004167 0.004687
0 0.327083 0.790625 0.004167 0.034375
0 0.325000 0.752344 0.004167 0.020313
0 0.327083 0.727344 0.004167 0.023438
0 0.326042 0.697656 0.002083 0.017188
0 0.321875 0.614062 0.018750 0.137500
0 0.352083 0.630469 0.108333 0.732812
0 0.219792 0.521094 0.014583 0.039062
0 0.218750 0.482031 0.012500 0.017188
0 0.262500 0.471094 0.004167 0.004687
0 0.281250 0.320312 0.004167 0.003125
0 0.300000 0.296875 0.004167 0.006250
0 0.263542 0.304688 0.043750 0.034375
0 0.306250 0.236719 0.020833 0.010937
0 0.398958 0.552344 0.393750 0.892188
