0 0.473958 0.621875 0.531250 0.753125
0 0.191667 0.995313 0.004167 0.006250
0 0.192708 0.978906 0.002083 0.004687
0 0.192708 0.926562 0.006250 0.012500
0 0.152083 0.902344 0.004167 0.004687
0 0.132292 0.886719 0.002083 0.004687
0 0.190625 0.874219 0.010417 0.004687
0 0.192708 0.861719 0.002083 0.004687
0 0.206250 0.254688 0.004167 0.009375
0 0.180208 0.250000 0.006250 0.003125
0 0.207292 0.236719 0.002083 0.001563
0 0.187500 0.232031 0.020833 0.026562
0 0.178125 0.209375 0.002083 0.003125
0 0.465625 0.564063 0.777083 0.868750
