0 0.621875 0.649219 0.247917 0.676562
0 0.330208 0.969531 0.006250 0.010937
0 0.339583 0.876563 0.025000 0.165625
0 0.346875 0.785937 0.014583 0.009375
0 0.346875 0.731250 0.022917 0.081250
0 0.350000 0.654687 0.016667 0.040625
0 0.351042 0.630469 0.006250 0.004687
0 0.351042 0.617188 0.006250 0.003125
0 0.360417 0.614062 0.004167 0.003125
0 0.354167 0.599219 0.008333 0.004687
0 0.354167 0.569531 0.020833 0.048438
0 0.350000 0.519531 0.012500 0.020313
0 0.355208 0.491406 0.014583 0.004687
0 0.348958 0.473438 0.002083 0.009375
0 0.431250 0.452344 0.012500 0.014063
0 0.356250 0.435156 0.016667 0.014063
0 0.547917 0.647656 0.400000 0.682813
