0 0.694792 0.993750 0.010417 0.003125
0 0.614583 0.986719 0.004167 0.001563
0 0.359375 0.985938 0.002083 0.003125
0 0.623958 0.983594 0.010417 0.007812
0 0.597917 0.978906 0.008333 0.001563
0 0.498958 0.983594 0.018750 0.010937
0 0.358333 0.966406 0.004167 0.001563
0 0.673958 0.966406 0.002083 0.004687
0 0.586458 0.964063 0.010417 0.009375
0 0.519792 0.953906 0.014583 0.004687
0 0.582292 0.936719 0.018750 0.004687
0 0.598958 0.927344 0.002083 0.001563
0 0.550000 0.950000 0.054167 0.053125
0 0.396875 0.923438 0.002083 0.003125
0 0.632292 0.910156 0.002083 0.001563
0 0.602083 0.910156 0.008333 0.004687
0 0.577083 0.911719 0.008333 0.007812
0 0.511458 0.917188 0.006250 0.018750
0 0.392708 0.909375 0.018750 0.006250
0 0.533333 0.905469 0.020833 0.014063
0 0.583333 0.887500 0.004167 0.003125
0 0.566667 0.888281 0.016667 0.026562
0 0.606250 0.868750 0.008333 0.003125
0 0.688542 0.870313 0.006250 0.009375
0 0.621875 0.882812 0.081250 0.034375
0 0.689583 0.857812 0.004167 0.003125
0 0.487500 0.869531 0.041667 0.029687
0 0.446875 0.855469 0.002083 0.001563
0 0.385417 0.855469 0.008333 0.004687
0 0.526042 0.853125 0.014583 0.006250
0 0.439583 0.896875 0.112500 0.096875
0 0.510417 0.841406 0.008333 0.001563
0 0.617708 0.846094 0.022917 0.017188
0 0.495833 0.840625 0.012500 0.006250
0 0.465625 0.839844 0.010417 0.004687
0 0.355208 0.839063 0.002083 0.006250
0 0.577083 0.830469 0.012500 0.007812
0 0.428125 0.828906 0.006250 0.004687
0 0.626042 0.825781 0.006250 0.004687
0 0.647917 0.832812 0.025000 0.031250
0 0.371875 0.812500 0.006250 0.003125
0 0.606250 0.810937 0.012500 0.006250
0 0.384375 0.799219 0.002083 0.001563
0 0.467708 0.800000 0.010417 0.006250
0 0.573958 0.784375 0.002083 0.003125
0 0.521875 0.822656 0.081250 0.079687
0 0.623958 0.779687 0.006250 0.015625
0 0.636458 0.771094 0.014583 0.010937
0 0.523958 0.744531 0.002083 0.001563
0 0.515625 0.746875 0.006250 0.006250
0 0.442708 0.744531 0.002083 0.001563
0 0.406250 0.768750 0.050000 0.050000
0 0.461458 0.760938 0.056250 0.040625
0 0.788542 0.746875 0.014583 0.028125
0 0.676042 0.732031 0.006250 0.004687
0 0.689583 0.731250 0.004167 0.006250
0 0.384375 0.737500 0.031250 0.021875
0 0.579167 0.763281 0.162500 0.079687
0 0.492708 0.725781 0.035417 0.010937
0 0.444792 0.720313 0.006250 0.006250
0 0.418750 0.717969 0.025000 0.010937
0 0.384375 0.713281 0.006250 0.004687
0 0.397917 0.637500 0.012500 0.003125
0 0.557292 0.593750 0.622917 0.803125
0 0.753125 0.443750 0.010417 0.003125
0 0.664583 0.385156 0.008333 0.017188
0 0.745833 0.375781 0.004167 0.001563
0 0.556250 0.625000 0.454167 0.746875
0 0.556250 0.592969 0.637500 0.810937
