0 0.220833 0.600000 0.270833 0.796875
0 0.363542 0.992969 0.002083 0.001563
0 0.364583 0.979688 0.004167 0.018750
0 0.402083 0.944531 0.004167 0.004687
0 0.744792 0.904687 0.002083 0.012500
0 0.363542 0.902344 0.006250 0.120313
0 0.381250 0.776563 0.004167 0.003125
0 0.400000 0.776563 0.008333 0.009375
0 0.443750 0.721094 0.004167 0.004687
0 0.389583 0.680469 0.020833 0.017188
0 0.737500 0.603125 0.004167 0.021875
0 0.372917 0.700000 0.033333 0.278125
0 0.359375 0.532813 0.006250 0.034375
0 0.734375 0.520312 0.002083 0.025000
0 0.357292 0.504687 0.002083 0.015625
0 0.732292 0.462500 0.002083 0.012500
0 0.357292 0.466406 0.002083 0.023438
0 0.355208 0.403906 0.002083 0.014063
0 0.358333 0.385156 0.008333 0.010937
0 0.730208 0.358594 0.002083 0.017188
0 0.405208 0.292969 0.010417 0.007812
0 0.538542 0.307812 0.377083 0.096875
