0 0.527083 0.974219 0.004167 0.007812
0 0.563542 0.963281 0.002083 0.001563
0 0.552083 0.967187 0.008333 0.012500
0 0.569792 0.959375 0.002083 0.006250
0 0.559375 0.944531 0.006250 0.004687
0 0.527083 0.901563 0.004167 0.006250
0 0.561458 0.897656 0.027083 0.039062
0 0.557292 0.848437 0.010417 0.009375
0 0.507292 0.846875 0.002083 0.006250
0 0.567708 0.832031 0.002083 0.004687
0 0.546875 0.736719 0.002083 0.001563
0 0.555208 0.723437 0.006250 0.009375
0 0.492708 0.403906 0.002083 0.007812
0 0.300000 0.660937 0.420833 0.675000
