0 0.793750 0.555469 0.408333 0.885938
0 0.480208 0.509375 0.081250 0.353125
0 0.442708 0.555469 0.006250 0.032813
0 0.453125 0.417187 0.002083 0.006250
0 0.410417 0.504687 0.254167 0.400000
0 0.685417 0.989062 0.016667 0.009375
0 0.667708 0.973437 0.006250 0.006250
0 0.734375 0.957031 0.002083 0.004687
0 0.948958 0.600000 0.097917 0.615625
0 0.992708 0.282031 0.002083 0.007812
0 0.981250 0.213281 0.004167 0.007812
0 0.792708 0.550000 0.410417 0.896875
0 0.064583 0.499219 0.129167 0.998437
0 0.432292 0.564844 0.622917 0.867188
