0 0.818750 0.270313 0.004167 0.003125
0 0.876042 0.498437 0.243750 0.996875
0 0.621875 0.985938 0.002083 0.003125
0 0.664583 0.988281 0.004167 0.010937
0 0.589583 0.984375 0.004167 0.003125
0 0.504167 0.984375 0.020833 0.009375
0 0.553125 0.972656 0.002083 0.001563
0 0.567708 0.971094 0.002083 0.007812
0 0.648958 0.948438 0.031250 0.028125
0 0.426042 0.898438 0.031250 0.190625
0 0.431250 0.783594 0.016667 0.014063
0 0.435417 0.712500 0.020833 0.068750
0 0.450000 0.502344 0.041667 0.317188
0 0.459375 0.307812 0.014583 0.037500
0 0.463542 0.266406 0.006250 0.010937
0 0.466667 0.238281 0.016667 0.023438
0 0.473958 0.157812 0.018750 0.075000
0 0.737500 0.050000 0.008333 0.009375
0 0.475000 0.060156 0.025000 0.076563
0 0.646875 0.500000 0.272917 0.996875
