0 0.387500 0.478125 0.037500 0.125000
0 0.267708 0.485938 0.214583 0.143750
0 0.480208 0.598437 0.260417 0.800000
0 0.010417 0.714844 0.020833 0.104688
0 0.079167 0.614844 0.004167 0.001563
0 0.025000 0.587500 0.012500 0.037500
0 0.137500 0.550000 0.004167 0.018750
0 0.090625 0.532031 0.014583 0.026562
0 0.136458 0.497656 0.014583 0.014063
0 0.123958 0.485938 0.006250 0.018750
0 0.090625 0.460156 0.027083 0.039062
0 0.036458 0.485156 0.018750 0.104688
0 0.087500 0.429688 0.012500 0.009375
0 0.143750 0.433594 0.016667 0.026562
0 0.152083 0.371094 0.020833 0.023438
0 0.105208 0.367188 0.022917 0.031250
0 0.150000 0.321875 0.008333 0.009375
0 0.164583 0.321094 0.012500 0.010937
0 0.139583 0.275000 0.066667 0.068750
0 0.168750 0.237500 0.008333 0.006250
0 0.257292 0.287500 0.452083 0.278125
