0 0.334375 0.410156 0.002083 0.001563
0 0.773958 0.369531 0.006250 0.004687
0 0.353125 0.346094 0.010417 0.004687
0 0.867708 0.313281 0.006250 0.014063
0 0.564583 0.617188 0.620833 0.762500
0 0.265625 0.989062 0.014583 0.009375
0 0.264583 0.939844 0.004167 0.017188
0 0.286458 0.853125 0.014583 0.021875
0 0.298958 0.831250 0.002083 0.003125
0 0.751042 0.828125 0.006250 0.015625
0 0.739583 0.819531 0.008333 0.007812
0 0.340625 0.688281 0.002083 0.001563
0 0.313542 0.726562 0.056250 0.203125
0 0.332292 0.616406 0.002083 0.001563
0 0.333333 0.592187 0.004167 0.012500
0 0.786458 0.677344 0.052083 0.207813
0 0.384375 0.414062 0.006250 0.003125
0 0.376042 0.430469 0.039583 0.129688
0 0.382292 0.247656 0.002083 0.001563
0 0.614583 0.396875 0.533333 0.334375
