0 0.714583 0.546875 0.250000 0.553125
0 0.861458 0.764844 0.002083 0.001563
0 0.764583 0.532031 0.283333 0.576562
0 0.762500 0.242188 0.004167 0.003125
0 0.638542 0.818750 0.022917 0.003125
0 0.682292 0.813281 0.006250 0.001563
0 0.692708 0.812500 0.006250 0.003125
0 0.600000 0.817187 0.025000 0.018750
0 0.764583 0.806250 0.016667 0.003125
0 0.797917 0.708594 0.004167 0.001563
0 0.594792 0.707812 0.002083 0.006250
0 0.833333 0.300000 0.004167 0.003125
0 0.654167 0.286719 0.008333 0.004687
0 0.642708 0.285156 0.002083 0.001563
0 0.734375 0.529687 0.231250 0.553125
