0 0.454167 0.831250 0.170833 0.334375
0 0.645833 0.607031 0.512500 0.782813
0 0.529167 0.992188 0.012500 0.003125
0 0.507292 0.990625 0.018750 0.009375
0 0.708333 0.988281 0.004167 0.010937
0 0.456250 0.970313 0.016667 0.009375
0 0.388542 0.959375 0.006250 0.009375
0 0.423958 0.946875 0.006250 0.009375
0 0.437500 0.944531 0.012500 0.035937
0 0.416667 0.864844 0.087500 0.170313
0 0.388542 0.770312 0.018750 0.031250
0 0.445833 0.748437 0.012500 0.009375
0 0.457292 0.706250 0.006250 0.006250
0 0.391667 0.705469 0.012500 0.035937
0 0.454167 0.691406 0.020833 0.017188
0 0.450000 0.650781 0.004167 0.001563
0 0.411458 0.630469 0.039583 0.045312
0 0.450000 0.617969 0.025000 0.032813
0 0.405208 0.570312 0.006250 0.006250
0 0.462500 0.551562 0.020833 0.028125
0 0.403125 0.514844 0.010417 0.032813
0 0.414583 0.384375 0.008333 0.012500
0 0.416667 0.363281 0.004167 0.010937
0 0.414583 0.335938 0.004167 0.012500
0 0.418750 0.311719 0.008333 0.020313
0 0.662500 0.605469 0.491667 0.785937
