0 0.859375 0.500781 0.277083 0.995313
0 0.356250 0.539062 0.383333 0.665625
0 0.761458 0.962500 0.002083 0.003125
0 0.762500 0.939063 0.004167 0.015625
0 0.800000 0.890625 0.008333 0.012500
0 0.776042 0.844531 0.002083 0.014063
0 0.787500 0.649219 0.004167 0.054688
0 0.790625 0.615625 0.002083 0.003125
0 0.794792 0.567187 0.006250 0.028125
0 0.803125 0.503906 0.006250 0.051562
0 0.914583 0.499219 0.166667 0.998437
0 0.176042 0.850000 0.010417 0.009375
0 0.177083 0.810937 0.008333 0.021875
0 0.177083 0.779687 0.008333 0.012500
0 0.177083 0.653906 0.008333 0.007812
0 0.167708 0.652344 0.002083 0.004687
0 0.165625 0.515625 0.002083 0.009375
0 0.181250 0.317969 0.004167 0.004687
0 0.173958 0.317188 0.002083 0.006250
0 0.372917 0.538281 0.416667 0.673438
