0 0.323958 0.667188 0.002083 0.003125
0 0.508333 0.719531 0.054167 0.114062
0 0.471875 0.664844 0.006250 0.007812
0 0.514583 0.656250 0.004167 0.003125
0 0.328125 0.646094 0.002083 0.001563
0 0.525000 0.650000 0.008333 0.015625
0 0.508333 0.645312 0.020833 0.012500
0 0.469792 0.624219 0.002083 0.004687
0 0.330208 0.627344 0.010417 0.014063
0 0.330208 0.609375 0.010417 0.015625
0 0.334375 0.582812 0.014583 0.009375
0 0.335417 0.571094 0.008333 0.007812
0 0.336458 0.501563 0.014583 0.065625
0 0.347917 0.451562 0.029167 0.037500
0 0.344792 0.417969 0.010417 0.010937
0 0.454167 0.418750 0.233333 0.437500
