0 0.514583 0.479687 0.395833 0.687500
0 0.331250 0.818750 0.004167 0.003125
0 0.688542 0.789062 0.010417 0.031250
0 0.681250 0.738281 0.020833 0.010937
0 0.677083 0.709375 0.033333 0.043750
0 0.667708 0.677344 0.006250 0.010937
0 0.683333 0.639844 0.029167 0.039062
0 0.693750 0.615625 0.004167 0.003125
0 0.686458 0.583594 0.018750 0.007812
0 0.673958 0.575781 0.006250 0.007812
0 0.685417 0.550781 0.029167 0.045312
0 0.689583 0.529687 0.004167 0.003125
0 0.685417 0.388281 0.004167 0.004687
0 0.686458 0.454688 0.031250 0.140625
0 0.694792 0.378125 0.006250 0.003125
0 0.702083 0.360938 0.004167 0.003125
0 0.703125 0.352344 0.002083 0.001563
0 0.705208 0.309375 0.002083 0.006250
0 0.709375 0.251563 0.002083 0.006250
0 0.503125 0.138281 0.010417 0.004687
0 0.479167 0.141406 0.025000 0.010937
0 0.620833 0.148438 0.204167 0.028125
0 0.372917 0.463281 0.125000 0.670312
