0 0.140625 0.589063 0.077083 0.818750
0 0.130208 0.906250 0.006250 0.021875
0 0.090625 0.852344 0.002083 0.001563
0 0.131250 0.839844 0.008333 0.007812
0 0.113542 0.852344 0.052083 0.292187
0 0.120833 0.679688 0.025000 0.046875
0 0.136458 0.629687 0.022917 0.021875
0 0.122917 0.589063 0.020833 0.034375
0 0.163542 0.573438 0.006250 0.018750
0 0.133333 0.477344 0.029167 0.101562
0 0.133333 0.392188 0.025000 0.062500
0 0.134375 0.333594 0.014583 0.032813
0 0.152083 0.282031 0.004167 0.007812
0 0.137500 0.267188 0.012500 0.037500
0 0.157292 0.246875 0.010417 0.015625
0 0.137500 0.228125 0.004167 0.006250
0 0.397917 0.569531 0.550000 0.857812
