0 0.471875 0.892188 0.514583 0.212500
0 0.429167 0.775781 0.004167 0.001563
0 0.298958 0.764844 0.022917 0.007812
0 0.350000 0.770312 0.037500 0.021875
0 0.638542 0.744531 0.002083 0.007812
0 0.428125 0.735156 0.002083 0.001563
0 0.413542 0.739062 0.010417 0.012500
0 0.320833 0.735156 0.029167 0.007812
0 0.332292 0.666406 0.002083 0.004687
0 0.770833 0.624219 0.004167 0.001563
0 0.550000 0.458594 0.583333 0.523438
0 0.747917 0.993750 0.004167 0.003125
0 0.201042 0.935937 0.002083 0.003125
0 0.225000 0.750000 0.012500 0.006250
0 0.219792 0.731250 0.010417 0.012500
0 0.285417 0.413281 0.008333 0.010937
0 0.301042 0.318750 0.010417 0.012500
0 0.293750 0.300781 0.012500 0.010937
0 0.298958 0.281250 0.018750 0.015625
0 0.873958 0.264062 0.002083 0.003125
0 0.818750 0.194531 0.004167 0.004687
0 0.288542 0.188281 0.002083 0.001563
0 0.319792 0.178906 0.002083 0.001563
0 0.306250 0.171094 0.012500 0.029687
0 0.542708 0.535937 0.906250 0.925000
