0 0.620833 0.620313 0.254167 0.734375
0 0.153125 0.532813 0.122917 0.750000
0 0.423958 0.494531 0.064583 0.289062
0 0.397917 0.549219 0.404167 0.617188
0 0.115625 0.847656 0.002083 0.001563
0 0.114583 0.835938 0.004167 0.003125
0 0.102083 0.832812 0.012500 0.021875
0 0.143750 0.526563 0.004167 0.003125
0 0.156250 0.526563 0.129167 0.759375
0 0.391667 0.565625 0.004167 0.028125
0 0.445833 0.532813 0.008333 0.031250
0 0.278125 0.566406 0.014583 0.098437
0 0.394792 0.469531 0.002083 0.001563
0 0.398958 0.450781 0.010417 0.023438
0 0.454167 0.460156 0.016667 0.067187
0 0.289583 0.447656 0.004167 0.054688
0 0.403125 0.402344 0.002083 0.001563
0 0.346875 0.367969 0.006250 0.001563
0 0.384375 0.374219 0.181250 0.092188
