0 0.065625 0.579688 0.131250 0.184375
0 0.206250 0.565625 0.145833 0.165625
0 0.465625 0.589844 0.322917 0.817187
0 0.305208 0.780469 0.002083 0.014063
0 0.307292 0.712500 0.006250 0.053125
0 0.310417 0.672656 0.004167 0.007812
0 0.592708 0.803906 0.039583 0.382812
0 0.316667 0.555469 0.008333 0.004687
0 0.597917 0.542188 0.037500 0.128125
0 0.602083 0.451562 0.033333 0.062500
0 0.317708 0.415625 0.006250 0.006250
0 0.319792 0.375781 0.002083 0.001563
0 0.321875 0.362500 0.010417 0.015625
0 0.604167 0.373437 0.033333 0.075000
0 0.325000 0.309375 0.016667 0.037500
0 0.609375 0.298438 0.031250 0.062500
0 0.613542 0.252344 0.022917 0.020313
0 0.621875 0.233594 0.010417 0.017188
0 0.622917 0.198437 0.012500 0.031250
0 0.179167 0.225000 0.358333 0.096875
