0 0.386458 0.586719 0.006250 0.010937
0 0.387500 0.561719 0.004167 0.004687
0 0.440625 0.528906 0.002083 0.007812
0 0.443750 0.507031 0.004167 0.014063
0 0.478125 0.469531 0.002083 0.007812
0 0.477083 0.458594 0.008333 0.004687
0 0.470833 0.413281 0.016667 0.014063
0 0.478125 0.392188 0.010417 0.015625
0 0.456250 0.374219 0.008333 0.007812
0 0.485417 0.374219 0.025000 0.020313
0 0.471875 0.334375 0.006250 0.003125
0 0.438542 0.322656 0.014583 0.023438
0 0.401042 0.310937 0.002083 0.006250
0 0.431250 0.297656 0.004167 0.004687
0 0.486458 0.515625 0.164583 0.490625
0 0.534375 0.525000 0.068750 0.475000
