0 0.828125 0.541406 0.339583 0.914062
0 0.518750 0.410156 0.279167 0.582812
0 0.901042 0.698438 0.006250 0.009375
0 0.920833 0.690625 0.020833 0.031250
0 0.844792 0.684375 0.072917 0.031250
0 0.943750 0.783594 0.100000 0.426563
0 0.964583 0.543750 0.004167 0.006250
0 0.988542 0.532031 0.014583 0.032813
0 0.965625 0.491406 0.002083 0.001563
0 0.903125 0.507812 0.110417 0.037500
0 0.992708 0.407031 0.002083 0.004687
0 0.978125 0.366406 0.014583 0.064062
0 0.985417 0.301563 0.020833 0.050000
0 0.986458 0.269531 0.006250 0.007812
0 0.992708 0.223438 0.002083 0.015625
0 0.992708 0.205469 0.002083 0.010937
0 0.915625 0.132812 0.002083 0.003125
0 0.900000 0.129688 0.008333 0.012500
0 0.916667 0.125000 0.008333 0.006250
0 0.827083 0.541406 0.341667 0.914062
0 0.611458 0.667969 0.006250 0.014063
0 0.617708 0.589063 0.014583 0.115625
0 0.627083 0.484375 0.012500 0.046875
0 0.630208 0.449219 0.002083 0.001563
0 0.631250 0.421875 0.004167 0.003125
0 0.520833 0.396094 0.291667 0.567187
