0 0.418750 0.539844 0.491667 0.917188
0 0.061458 0.992969 0.010417 0.010937
0 0.067708 0.942187 0.031250 0.078125
0 0.122917 0.875781 0.008333 0.004687
0 0.068750 0.876563 0.012500 0.009375
0 0.082292 0.860938 0.002083 0.003125
0 0.067708 0.857812 0.014583 0.015625
0 0.652083 0.833594 0.004167 0.001563
0 0.065625 0.832031 0.006250 0.004687
0 0.063542 0.753125 0.006250 0.012500
0 0.061458 0.725000 0.002083 0.003125
0 0.064583 0.710938 0.012500 0.012500
0 0.066667 0.610156 0.012500 0.007812
0 0.651042 0.180469 0.002083 0.001563
0 0.663542 0.178906 0.006250 0.001563
0 0.400000 0.528906 0.570833 0.939063
