0 0.412500 0.482812 0.233333 0.775000
0 0.903125 0.985156 0.052083 0.017188
0 0.883333 0.976562 0.008333 0.003125
0 0.938542 0.965625 0.002083 0.003125
0 0.815625 0.936719 0.006250 0.004687
0 0.779167 0.924219 0.016667 0.004687
0 0.955208 0.921875 0.006250 0.006250
0 0.848958 0.917969 0.006250 0.007812
0 0.805208 0.920312 0.022917 0.018750
0 0.869792 0.912500 0.002083 0.006250
0 0.785417 0.912500 0.004167 0.006250
0 0.956250 0.910156 0.008333 0.004687
0 0.805208 0.900000 0.006250 0.006250
0 0.870833 0.892969 0.012500 0.007812
0 0.784375 0.882031 0.002083 0.004687
0 0.835417 0.804688 0.004167 0.003125
0 0.805208 0.760938 0.010417 0.006250
0 0.977083 0.598437 0.004167 0.003125
0 0.934375 0.571875 0.002083 0.003125
0 0.968750 0.571875 0.016667 0.031250
0 0.975000 0.554688 0.004167 0.003125
0 0.944792 0.553125 0.002083 0.003125
0 0.985417 0.550000 0.004167 0.009375
0 0.994792 0.510156 0.006250 0.014063
0 0.831250 0.523438 0.333333 0.950000
