0 0.412500 0.660156 0.004167 0.001563
0 0.414583 0.653906 0.004167 0.004687
0 0.432292 0.584375 0.002083 0.009375
0 0.586458 0.619531 0.497917 0.751563
0 0.405208 0.628125 0.139583 0.721875
0 0.070833 0.531250 0.141667 0.934375
0 0.656250 0.508594 0.091667 0.217188
0 0.016667 0.917188 0.025000 0.009375
0 0.046875 0.692187 0.006250 0.006250
0 0.059375 0.541406 0.006250 0.004687
0 0.069792 0.499219 0.002083 0.004687
0 0.109375 0.271094 0.002083 0.001563
0 0.093750 0.188281 0.004167 0.004687
0 0.032292 0.163281 0.002083 0.001563
0 0.040625 0.158594 0.006250 0.004687
0 0.076042 0.520312 0.152083 0.950000
0 0.403125 0.747656 0.002083 0.001563
0 0.586458 0.621094 0.497917 0.754687
0 0.669792 0.630469 0.002083 0.007812
0 0.672917 0.583594 0.004167 0.007812
0 0.675000 0.570312 0.008333 0.009375
0 0.688542 0.520312 0.002083 0.015625
0 0.688542 0.475000 0.010417 0.009375
0 0.698958 0.444531 0.002083 0.001563
0 0.655208 0.508594 0.097917 0.220312
0 0.710417 0.528906 0.054167 0.314063
