0 0.836458 0.517969 0.118750 0.417187
0 0.237500 0.507812 0.470833 0.981250
0 0.996875 0.543750 0.002083 0.009375
0 0.948958 0.707812 0.097917 0.581250
0 0.987500 0.393750 0.008333 0.025000
0 0.994792 0.396094 0.006250 0.035937
0 0.993750 0.317969 0.008333 0.045312
0 0.812500 0.296875 0.004167 0.003125
0 0.741667 0.299219 0.008333 0.007812
0 0.891667 0.296875 0.012500 0.009375
0 0.840625 0.296094 0.010417 0.007812
0 0.489583 0.578906 0.133333 0.839063
0 0.612500 0.155469 0.012500 0.004687
0 0.913542 0.153125 0.002083 0.003125
0 0.587500 0.156250 0.029167 0.009375
0 0.726042 0.147656 0.139583 0.014063
0 0.845833 0.144531 0.058333 0.020313
0 0.957292 0.133594 0.010417 0.007812
0 0.915625 0.135156 0.060417 0.010937
0 0.994792 0.127344 0.006250 0.004687
0 0.886458 0.570312 0.085417 0.387500
0 0.894792 0.365625 0.002083 0.009375
0 0.766667 0.496875 0.300000 0.415625
