0 0.205208 0.139063 0.006250 0.003125
0 0.469792 0.473438 0.514583 0.946875
0 0.209375 0.720313 0.039583 0.465625
0 0.223958 0.474219 0.002083 0.010937
0 0.208333 0.231250 0.041667 0.462500
0 0.673958 0.676562 0.006250 0.040625
0 0.673958 0.610938 0.006250 0.006250
0 0.208333 0.721875 0.037500 0.459375
0 0.689583 0.499219 0.004167 0.020313
0 0.693750 0.437500 0.008333 0.021875
0 0.700000 0.389844 0.004167 0.035937
0 0.703125 0.357812 0.002083 0.012500
0 0.703125 0.337500 0.002083 0.006250
0 0.706250 0.309375 0.004167 0.028125
0 0.719792 0.115625 0.002083 0.003125
0 0.209375 0.222656 0.039583 0.445312
