0 0.363542 0.455469 0.152083 0.426563
0 0.293750 0.449219 0.295833 0.439063
0 0.329167 0.648438 0.004167 0.006250
0 0.315625 0.635156 0.002083 0.007812
0 0.321875 0.626563 0.002083 0.003125
0 0.298958 0.595313 0.002083 0.006250
0 0.315625 0.590625 0.006250 0.003125
0 0.288542 0.589844 0.002083 0.001563
0 0.303125 0.563281 0.002083 0.004687
0 0.365625 0.568750 0.018750 0.025000
0 0.303125 0.550000 0.006250 0.003125
0 0.341667 0.564063 0.029167 0.043750
0 0.359375 0.522656 0.006250 0.001563
0 0.346875 0.525000 0.006250 0.006250
0 0.298958 0.513281 0.002083 0.001563
0 0.377083 0.517969 0.016667 0.020313
0 0.347917 0.483594 0.008333 0.007812
0 0.362500 0.477344 0.008333 0.007812
0 0.386458 0.468750 0.002083 0.003125
0 0.283333 0.450000 0.004167 0.003125
0 0.261458 0.440625 0.002083 0.003125
0 0.270833 0.435156 0.008333 0.007812
0 0.327083 0.424219 0.016667 0.001563
0 0.286458 0.428125 0.010417 0.009375
0 0.343750 0.414062 0.004167 0.003125
0 0.278125 0.408594 0.006250 0.004687
0 0.267708 0.400000 0.014583 0.009375
0 0.270833 0.389844 0.004167 0.004687
0 0.282292 0.389844 0.006250 0.014063
0 0.384375 0.382031 0.006250 0.001563
0 0.333333 0.381250 0.004167 0.006250
0 0.271875 0.380469 0.006250 0.007812
0 0.254167 0.380469 0.004167 0.007812
0 0.394792 0.375781 0.002083 0.001563
0 0.304167 0.371094 0.012500 0.007812
0 0.259375 0.368750 0.010417 0.003125
0 0.352083 0.392188 0.045833 0.053125
0 0.363542 0.365625 0.010417 0.009375
0 0.345833 0.357031 0.004167 0.004687
0 0.353125 0.351562 0.002083 0.006250
0 0.378125 0.352344 0.027083 0.020313
0 0.359375 0.341406 0.010417 0.004687
0 0.332292 0.340625 0.006250 0.003125
0 0.311458 0.334375 0.002083 0.003125
0 0.332292 0.327344 0.006250 0.001563
0 0.375000 0.327344 0.004167 0.004687
0 0.353125 0.328125 0.018750 0.015625
0 0.251042 0.332031 0.031250 0.023438
0 0.253125 0.313281 0.010417 0.004687
0 0.267708 0.310156 0.002083 0.004687
0 0.360417 0.313281 0.012500 0.014063
0 0.376042 0.308594 0.010417 0.026562
0 0.284375 0.335156 0.060417 0.079687
0 0.282292 0.279687 0.002083 0.003125
0 0.282292 0.271094 0.002083 0.001563
0 0.264583 0.274219 0.008333 0.007812
0 0.295833 0.448437 0.304167 0.440625
