0 0.513542 0.895312 0.006250 0.006250
0 0.513542 0.873437 0.002083 0.006250
0 0.520833 0.846094 0.008333 0.007812
0 0.513542 0.835938 0.002083 0.003125
0 0.526042 0.716406 0.002083 0.001563
0 0.522917 0.643750 0.004167 0.006250
0 0.523958 0.549219 0.002083 0.001563
0 0.526042 0.521094 0.002083 0.004687
0 0.528125 0.497656 0.002083 0.001563
0 0.519792 0.486719 0.002083 0.007812
0 0.521875 0.430469 0.002083 0.004687
0 0.265625 0.614844 0.522917 0.767188
0 0.535417 0.969531 0.004167 0.004687
0 0.284375 0.605469 0.568750 0.785937
