0 0.651042 0.676562 0.218750 0.643750
0 0.541667 0.955469 0.020833 0.082812
0 0.552083 0.883594 0.025000 0.051562
0 0.558333 0.797656 0.025000 0.101562
0 0.727083 0.839844 0.025000 0.245312
0 0.566667 0.710938 0.012500 0.028125
0 0.570833 0.682031 0.012500 0.017188
0 0.567708 0.653125 0.006250 0.009375
0 0.746875 0.641406 0.014583 0.110937
0 0.583333 0.550000 0.020833 0.040625
0 0.753125 0.542188 0.018750 0.071875
0 0.762500 0.468750 0.004167 0.012500
0 0.755208 0.444531 0.002083 0.004687
0 0.598958 0.389844 0.014583 0.029687
0 0.760417 0.364844 0.012500 0.010937
0 0.722917 0.362500 0.041667 0.012500
0 0.884375 0.363281 0.218750 0.023438
0 0.805208 0.352344 0.002083 0.001563
0 0.698958 0.971094 0.014583 0.010937
0 0.727083 0.779687 0.045833 0.365625
0 0.746875 0.512500 0.031250 0.162500
0 0.648958 0.675781 0.235417 0.639062
