0 0.712500 0.592187 0.129167 0.500000
0 0.545833 0.557813 0.033333 0.250000
0 0.773958 0.758594 0.022917 0.179688
0 0.775000 0.597656 0.008333 0.073438
0 0.777083 0.507031 0.008333 0.048438
0 0.648958 0.633594 0.018750 0.304688
0 0.778125 0.417969 0.002083 0.001563
0 0.783333 0.409375 0.004167 0.003125
0 0.660417 0.441406 0.008333 0.067187
0 0.784375 0.386719 0.002083 0.001563
0 0.704167 0.350781 0.008333 0.001563
0 0.779167 0.356250 0.008333 0.021875
0 0.716667 0.346875 0.008333 0.003125
0 0.571875 0.359375 0.247917 0.031250
