0 0.438542 0.423438 0.435417 0.846875
0 0.609375 0.642969 0.006250 0.026562
0 0.616667 0.553906 0.004167 0.032813
0 0.620833 0.502344 0.004167 0.014063
0 0.623958 0.478906 0.002083 0.004687
0 0.626042 0.432812 0.006250 0.031250
0 0.635417 0.340625 0.004167 0.018750
0 0.638542 0.307031 0.006250 0.039062
0 0.646875 0.215625 0.006250 0.056250
0 0.655208 0.120313 0.010417 0.015625
0 0.659375 0.091406 0.002083 0.014063
0 0.588542 0.005469 0.002083 0.001563
0 0.547917 0.035156 0.229167 0.064062
0 0.242708 0.425000 0.056250 0.850000
