0 0.088542 0.522656 0.177083 0.951562
0 0.522917 0.567187 0.137500 0.859375
0 0.475000 0.988281 0.004167 0.004687
0 0.473958 0.942969 0.035417 0.079687
0 0.494792 0.871875 0.006250 0.009375
0 0.492708 0.839063 0.022917 0.034375
0 0.063542 0.889844 0.056250 0.217188
0 0.512500 0.765625 0.012500 0.009375
0 0.500000 0.721875 0.008333 0.006250
0 0.083333 0.728125 0.037500 0.075000
0 0.520833 0.682031 0.016667 0.010937
0 0.523958 0.666406 0.018750 0.007812
0 0.098958 0.634375 0.035417 0.084375
0 0.102083 0.587500 0.004167 0.003125
0 0.107292 0.575000 0.010417 0.003125
0 0.554167 0.519531 0.004167 0.004687
0 0.113542 0.515625 0.031250 0.090625
0 0.555208 0.471094 0.010417 0.004687
0 0.122917 0.460938 0.008333 0.006250
0 0.556250 0.450000 0.012500 0.006250
0 0.555208 0.441406 0.002083 0.001563
0 0.128125 0.445312 0.014583 0.025000
0 0.557292 0.428125 0.010417 0.015625
0 0.132292 0.400781 0.002083 0.001563
0 0.135417 0.375781 0.012500 0.032813
0 0.159375 0.100000 0.027083 0.028125
0 0.316667 0.214062 0.633333 0.387500
