0 0.341667 0.790625 0.008333 0.006250
0 0.336458 0.690625 0.006250 0.015625
0 0.333333 0.569531 0.004167 0.004687
0 0.332292 0.460156 0.006250 0.007812
0 0.493750 0.417187 0.329167 0.834375
0 0.339583 0.640625 0.041667 0.409375
0 0.315625 0.210156 0.056250 0.420312
0 0.653125 0.543750 0.002083 0.009375
0 0.653125 0.450000 0.002083 0.003125
0 0.339583 0.645312 0.041667 0.396875
0 0.657292 0.169531 0.002083 0.010937
0 0.658333 0.149219 0.004167 0.010937
0 0.658333 0.094531 0.004167 0.010937
0 0.659375 0.042969 0.006250 0.032813
0 0.316667 0.199219 0.054167 0.398438
