0 0.847917 0.523438 0.225000 0.484375
0 0.727083 0.564063 0.020833 0.053125
0 0.959375 0.646094 0.077083 0.310937
0 0.983333 0.478906 0.020833 0.020313
0 0.986458 0.446094 0.022917 0.029687
0 0.959375 0.388281 0.002083 0.004687
0 0.980208 0.374219 0.002083 0.004687
0 0.964583 0.367188 0.008333 0.006250
0 0.979167 0.360938 0.004167 0.003125
0 0.980208 0.350781 0.002083 0.001563
0 0.973958 0.403125 0.047917 0.112500
0 0.978125 0.345313 0.002083 0.003125
0 0.972917 0.342187 0.029167 0.025000
0 0.995833 0.332031 0.004167 0.007812
0 0.963542 0.323437 0.002083 0.003125
0 0.996875 0.322656 0.002083 0.004687
0 0.862500 0.382031 0.270833 0.245312
