0 0.276042 0.650781 0.368750 0.695312
0 0.432292 0.680469 0.002083 0.004687
0 0.630208 0.665625 0.339583 0.643750
0 0.354167 0.978125 0.004167 0.003125
0 0.378125 0.980469 0.035417 0.035937
0 0.397917 0.941406 0.004167 0.017188
0 0.108333 0.939063 0.033333 0.118750
0 0.387500 0.903125 0.041667 0.053125
0 0.115625 0.847656 0.002083 0.001563
0 0.119792 0.792188 0.002083 0.003125
0 0.133333 0.779687 0.025000 0.025000
0 0.715625 0.847656 0.072917 0.270313
0 0.407292 0.767188 0.056250 0.215625
0 0.150000 0.661719 0.008333 0.010937
0 0.438542 0.616406 0.006250 0.032813
0 0.150000 0.596094 0.004167 0.004687
0 0.441667 0.568750 0.004167 0.009375
0 0.167708 0.507812 0.027083 0.025000
0 0.173958 0.439063 0.014583 0.018750
0 0.189583 0.408594 0.016667 0.020313
0 0.183333 0.361719 0.008333 0.004687
0 0.625000 0.528906 0.345833 0.370312
