0 0.223958 0.982812 0.022917 0.012500
0 0.230208 0.967969 0.002083 0.004687
0 0.246875 0.949219 0.002083 0.001563
0 0.245833 0.924219 0.004167 0.001563
0 0.179167 0.918750 0.004167 0.006250
0 0.218750 0.914062 0.008333 0.009375
0 0.280208 0.905469 0.022917 0.020313
0 0.180208 0.875000 0.002083 0.003125
0 0.264583 0.878906 0.029167 0.014063
0 0.207292 0.882812 0.060417 0.059375
0 0.247917 0.860156 0.016667 0.026562
0 0.281250 0.796094 0.016667 0.014063
0 0.304167 0.789844 0.004167 0.004687
0 0.834375 0.782031 0.002083 0.004687
0 0.289583 0.776563 0.004167 0.006250
0 0.266667 0.785156 0.012500 0.023438
0 0.862500 0.778906 0.008333 0.014063
0 0.851042 0.774219 0.002083 0.004687
0 0.287500 0.755469 0.008333 0.004687
0 0.219792 0.730469 0.002083 0.001563
0 0.238542 0.721875 0.018750 0.009375
0 0.314583 0.717187 0.004167 0.003125
0 0.861458 0.691406 0.018750 0.026562
0 0.851042 0.674219 0.002083 0.001563
0 0.837500 0.672656 0.008333 0.017188
0 0.280208 0.700781 0.056250 0.073438
0 0.265625 0.667969 0.014583 0.007812
0 0.310417 0.828906 0.137500 0.332813
0 0.340625 0.660156 0.002083 0.001563
0 0.242708 0.662500 0.018750 0.009375
0 0.853125 0.658594 0.002083 0.004687
0 0.222917 0.650781 0.016667 0.004687
0 0.370833 0.657031 0.008333 0.023438
0 0.348958 0.647656 0.018750 0.007812
0 0.869792 0.622656 0.014583 0.014063
0 0.350000 0.628125 0.045833 0.028125
0 0.193750 0.614062 0.004167 0.009375
0 0.368750 0.610156 0.008333 0.004687
0 0.343750 0.607031 0.008333 0.004687
0 0.215625 0.593750 0.006250 0.006250
0 0.340625 0.590625 0.010417 0.015625
0 0.366667 0.582812 0.012500 0.009375
0 0.253125 0.581250 0.006250 0.006250
0 0.176042 0.580469 0.002083 0.007812
0 0.354167 0.581250 0.004167 0.012500
0 0.365625 0.565625 0.006250 0.009375
0 0.192708 0.548438 0.010417 0.015625
0 0.176042 0.540625 0.010417 0.006250
0 0.311458 0.524219 0.002083 0.004687
0 0.298958 0.523438 0.006250 0.003125
0 0.262500 0.523438 0.025000 0.009375
0 0.173958 0.517969 0.002083 0.001563
0 0.304167 0.516406 0.004167 0.004687
0 0.211458 0.513281 0.014583 0.004687
0 0.192708 0.514844 0.006250 0.010937
0 0.310417 0.508594 0.012500 0.007812
0 0.291667 0.506250 0.004167 0.006250
0 0.184375 0.498437 0.027083 0.009375
0 0.289583 0.493750 0.004167 0.003125
0 0.180208 0.475781 0.002083 0.007812
0 0.312500 0.482812 0.012500 0.028125
0 0.281250 0.464062 0.008333 0.006250
0 0.225000 0.455469 0.004167 0.004687
0 0.203125 0.453906 0.002083 0.004687
0 0.277083 0.435156 0.025000 0.010937
0 0.267708 0.425781 0.002083 0.001563
0 0.246875 0.407813 0.006250 0.003125
0 0.238542 0.408594 0.006250 0.004687
0 0.304167 0.406250 0.004167 0.003125
0 0.200000 0.402344 0.008333 0.004687
0 0.266667 0.400000 0.012500 0.015625
0 0.177083 0.392188 0.008333 0.018750
0 0.220833 0.371094 0.012500 0.010937
0 0.216667 0.360938 0.004167 0.006250
0 0.267708 0.354687 0.010417 0.006250
0 0.330208 0.347656 0.002083 0.001563
0 0.363542 0.326562 0.022917 0.046875
0 0.238542 0.307031 0.010417 0.014063
0 0.851042 0.298438 0.002083 0.003125
0 0.277083 0.296094 0.004167 0.007812
0 0.176042 0.290625 0.006250 0.006250
0 0.259375 0.299219 0.022917 0.039062
0 0.354167 0.290625 0.033333 0.028125
0 0.869792 0.269531 0.014583 0.004687
0 0.276042 0.261719 0.022917 0.007812
0 0.255208 0.243750 0.006250 0.003125
0 0.263542 0.234375 0.002083 0.006250
0 0.907292 0.185156 0.006250 0.004687
0 0.531250 0.178906 0.004167 0.004687
0 0.888542 0.166406 0.002083 0.001563
0 0.888542 0.093750 0.052083 0.037500
0 0.888542 0.042188 0.006250 0.012500
0 0.469792 0.500000 0.877083 0.996875
0 0.738542 0.820312 0.006250 0.003125
0 0.180208 0.692187 0.002083 0.003125
0 0.179167 0.685156 0.004167 0.001563
0 0.467708 0.539844 0.627083 0.917188
0 0.066667 0.917188 0.004167 0.003125
0 0.068750 0.886719 0.041667 0.051562
0 0.844792 0.864062 0.035417 0.012500
0 0.063542 0.817187 0.039583 0.071875
0 0.484375 0.499219 0.918750 0.998437
