0 0.797917 0.930469 0.291667 0.135937
0 0.490625 0.993750 0.018750 0.003125
0 0.402083 0.943750 0.004167 0.003125
0 0.527083 0.932031 0.004167 0.004687
0 0.527083 0.922656 0.004167 0.007812
0 0.526042 0.898438 0.035417 0.028125
0 0.472917 0.891406 0.016667 0.035937
0 0.459375 0.872656 0.002083 0.001563
0 0.429167 0.860156 0.008333 0.004687
0 0.406250 0.821094 0.004167 0.001563
0 0.673958 0.758594 0.002083 0.007812
0 0.638542 0.774219 0.060417 0.079687
0 0.582292 0.428906 0.002083 0.001563
0 0.517708 0.633594 0.439583 0.726562
0 0.662500 0.817969 0.008333 0.004687
0 0.615625 0.807031 0.006250 0.007812
0 0.627083 0.792969 0.004167 0.001563
0 0.650000 0.755469 0.075000 0.085938
0 0.365625 0.653125 0.002083 0.003125
0 0.645833 0.584375 0.016667 0.009375
0 0.664583 0.503125 0.008333 0.006250
0 0.395833 0.445312 0.008333 0.012500
0 0.518750 0.632812 0.445833 0.731250
