0 0.602083 0.846094 0.004167 0.001563
0 0.614583 0.920312 0.062500 0.156250
0 0.612500 0.785937 0.054167 0.109375
0 0.628125 0.731250 0.010417 0.015625
0 0.623958 0.695312 0.006250 0.012500
0 0.619792 0.678906 0.002083 0.004687
0 0.601042 0.669531 0.002083 0.010937
0 0.590625 0.659375 0.002083 0.003125
0 0.619792 0.637500 0.002083 0.009375
0 0.208333 0.592969 0.008333 0.007812
0 0.603125 0.582031 0.010417 0.020313
0 0.653125 0.572656 0.002083 0.010937
0 0.610417 0.549219 0.004167 0.007812
0 0.622917 0.522656 0.008333 0.010937
0 0.608333 0.524219 0.008333 0.020313
0 0.221875 0.504687 0.006250 0.012500
0 0.628125 0.462500 0.006250 0.006250
0 0.655208 0.448437 0.006250 0.006250
0 0.423958 0.660937 0.552083 0.675000
0 0.603125 0.686719 0.089583 0.623437
