0 0.562500 0.760938 0.033333 0.021875
0 0.592708 0.745313 0.010417 0.025000
0 0.583333 0.725000 0.012500 0.012500
0 0.515625 0.727344 0.018750 0.023438
0 0.473958 0.639844 0.002083 0.001563
0 0.554167 0.624219 0.004167 0.004687
0 0.496875 0.536719 0.297917 0.520312
0 0.544792 0.560156 0.185417 0.473438
0 0.451042 0.761719 0.014583 0.032813
0 0.366667 0.745313 0.004167 0.006250
0 0.373958 0.708594 0.006250 0.007812
0 0.445833 0.666406 0.004167 0.004687
0 0.442708 0.609375 0.002083 0.003125
0 0.496875 0.497656 0.306250 0.445312
