0 0.228125 0.603906 0.172917 0.789062
0 0.487500 0.993750 0.008333 0.003125
0 0.469792 0.992969 0.010417 0.001563
0 0.455208 0.992969 0.006250 0.001563
0 0.490625 0.987500 0.002083 0.003125
0 0.475000 0.958594 0.012500 0.014063
0 0.487500 0.917969 0.016667 0.014063
0 0.461458 0.903906 0.002083 0.004687
0 0.477083 0.895312 0.008333 0.006250
0 0.503125 0.867969 0.002083 0.001563
0 0.489583 0.870313 0.016667 0.009375
0 0.507292 0.855469 0.006250 0.001563
0 0.481250 0.826562 0.012500 0.006250
0 0.140625 0.755469 0.022917 0.029687
0 0.478125 0.742188 0.006250 0.006250
0 0.141667 0.721094 0.004167 0.004687
0 0.440625 0.847656 0.060417 0.270313
0 0.442708 0.700000 0.006250 0.009375
0 0.482292 0.692187 0.006250 0.006250
0 0.486458 0.685156 0.002083 0.001563
0 0.508333 0.684375 0.008333 0.021875
0 0.518750 0.830469 0.062500 0.317188
0 0.494792 0.675000 0.002083 0.006250
0 0.462500 0.689063 0.025000 0.034375
0 0.453125 0.675000 0.002083 0.006250
0 0.554167 0.657813 0.004167 0.006250
0 0.556250 0.632812 0.004167 0.006250
0 0.496875 0.629687 0.006250 0.003125
0 0.541667 0.614062 0.008333 0.006250
0 0.554167 0.614062 0.008333 0.009375
0 0.545833 0.596094 0.025000 0.017188
0 0.466667 0.575781 0.004167 0.004687
0 0.553125 0.563281 0.018750 0.017188
0 0.464583 0.573438 0.029167 0.056250
0 0.459375 0.532813 0.006250 0.009375
0 0.485417 0.492188 0.004167 0.003125
0 0.537500 0.478906 0.008333 0.004687
0 0.188542 0.224219 0.006250 0.001563
0 0.527083 0.385937 0.133333 0.334375
0 0.212500 0.600000 0.204167 0.796875
0 0.500000 0.605469 0.191667 0.785937
