0 0.162500 0.803906 0.004167 0.017188
0 0.430208 0.734375 0.002083 0.006250
0 0.430208 0.722656 0.002083 0.004687
0 0.403125 0.625781 0.002083 0.001563
0 0.441667 0.248438 0.008333 0.003125
0 0.363542 0.246094 0.006250 0.004687
0 0.385417 0.245312 0.020833 0.009375
0 0.348958 0.604688 0.443750 0.743750
0 0.177083 0.908594 0.008333 0.020313
0 0.173958 0.867188 0.006250 0.031250
0 0.563542 0.874219 0.014583 0.051562
0 0.558333 0.693750 0.025000 0.225000
0 0.556250 0.557813 0.012500 0.009375
0 0.559375 0.536719 0.014583 0.023438
0 0.558333 0.489844 0.016667 0.039062
0 0.555208 0.410938 0.018750 0.040625
0 0.560417 0.375781 0.008333 0.010937
0 0.555208 0.355469 0.014583 0.023438
0 0.344792 0.535937 0.439583 0.612500
