0 0.441667 0.915625 0.008333 0.003125
0 0.356250 0.750000 0.004167 0.009375
0 0.360417 0.625781 0.004167 0.007812
0 0.359375 0.504687 0.002083 0.006250
0 0.439583 0.321875 0.025000 0.009375
0 0.475000 0.303125 0.008333 0.003125
0 0.463542 0.301563 0.002083 0.003125
0 0.611458 0.298438 0.006250 0.003125
0 0.521875 0.298438 0.031250 0.006250
0 0.409375 0.289062 0.006250 0.006250
0 0.456250 0.290625 0.012500 0.021875
0 0.573958 0.610156 0.472917 0.770312
0 0.120833 0.586719 0.008333 0.014063
0 0.106250 0.570312 0.004167 0.003125
0 0.122917 0.567969 0.012500 0.007812
0 0.177083 0.555469 0.004167 0.004687
0 0.139583 0.556250 0.004167 0.006250
0 0.110417 0.443750 0.004167 0.006250
0 0.103125 0.375781 0.031250 0.042188
0 0.172917 0.611719 0.345833 0.773438
0 0.345833 0.834375 0.029167 0.328125
0 0.351042 0.630469 0.022917 0.060937
0 0.350000 0.554688 0.025000 0.075000
0 0.340625 0.438281 0.002083 0.004687
0 0.350000 0.423438 0.025000 0.171875
0 0.569792 0.610156 0.485417 0.776563
