0 0.669792 0.473438 0.393750 0.750000
0 0.384375 0.296094 0.102083 0.207813
0 0.689583 0.771875 0.008333 0.021875
0 0.696875 0.721875 0.010417 0.009375
0 0.707292 0.698438 0.002083 0.003125
0 0.714583 0.675000 0.016667 0.025000
0 0.772917 0.484375 0.008333 0.021875
0 0.555208 0.454688 0.002083 0.009375
0 0.563542 0.407031 0.002083 0.010937
0 0.577083 0.345313 0.004167 0.021875
0 0.328125 0.347656 0.022917 0.104688
0 0.830208 0.289062 0.002083 0.003125
0 0.338542 0.261719 0.002083 0.001563
0 0.344792 0.239844 0.010417 0.026562
0 0.856250 0.207813 0.012500 0.018750
0 0.363542 0.135156 0.002083 0.010937
0 0.839583 0.114844 0.045833 0.010937
0 0.797917 0.108594 0.004167 0.001563
0 0.777083 0.108594 0.012500 0.001563
0 0.737500 0.103906 0.004167 0.001563
0 0.752083 0.103906 0.012500 0.004687
0 0.544792 0.071094 0.372917 0.064062
