0 0.730208 0.966406 0.006250 0.007812
0 0.730208 0.934375 0.014583 0.031250
0 0.366667 0.951562 0.045833 0.093750
0 0.734375 0.903906 0.010417 0.020313
0 0.372917 0.882031 0.045833 0.057813
0 0.729167 0.792188 0.012500 0.025000
0 0.356250 0.777344 0.004167 0.004687
0 0.723958 0.764844 0.002083 0.010937
0 0.726042 0.739062 0.006250 0.012500
0 0.370833 0.789062 0.041667 0.128125
0 0.379167 0.693750 0.041667 0.062500
0 0.735417 0.653906 0.016667 0.029687
0 0.735417 0.597656 0.004167 0.004687
0 0.748958 0.495312 0.002083 0.003125
0 0.578125 0.710938 0.431250 0.575000
