0 0.388542 0.764062 0.002083 0.003125
0 0.312500 0.339844 0.004167 0.001563
0 0.298958 0.339844 0.002083 0.001563
0 0.371875 0.340625 0.010417 0.009375
0 0.290625 0.338281 0.006250 0.004687
0 0.337500 0.339062 0.020833 0.009375
0 0.271875 0.335938 0.018750 0.006250
0 0.244792 0.335938 0.014583 0.006250
0 0.426042 0.661719 0.081250 0.673438
0 0.164583 0.325781 0.004167 0.001563
0 0.209375 0.327344 0.027083 0.014063
0 0.241667 0.320312 0.008333 0.006250
0 0.215625 0.318750 0.002083 0.003125
0 0.076042 0.499219 0.152083 0.998437
0 0.428125 0.661719 0.077083 0.673438
