0 0.355208 0.717187 0.002083 0.006250
0 0.395833 0.491406 0.045833 0.089063
0 0.426042 0.350000 0.002083 0.003125
0 0.345833 0.439844 0.183333 0.789062
0 0.359375 0.803906 0.018750 0.017188
0 0.382292 0.768750 0.002083 0.003125
0 0.393750 0.716406 0.012500 0.017188
0 0.376042 0.695312 0.002083 0.003125
0 0.413542 0.694531 0.002083 0.007812
0 0.396875 0.657031 0.002083 0.001563
0 0.414583 0.599219 0.004167 0.007812
0 0.413542 0.587500 0.006250 0.006250
0 0.407292 0.574219 0.006250 0.007812
0 0.410417 0.563281 0.004167 0.004687
0 0.417708 0.501563 0.006250 0.009375
0 0.418750 0.489063 0.004167 0.006250
0 0.425000 0.350000 0.004167 0.003125
0 0.414583 0.342969 0.012500 0.014063
0 0.429167 0.238281 0.004167 0.010937
0 0.365625 0.175000 0.014583 0.009375
0 0.330208 0.425000 0.189583 0.771875
