0 0.292708 0.547656 0.535417 0.901563
0 0.550000 0.915625 0.008333 0.006250
0 0.540625 0.921875 0.018750 0.021875
0 0.523958 0.910156 0.002083 0.004687
0 0.558333 0.905469 0.008333 0.010937
0 0.519792 0.875000 0.002083 0.003125
0 0.561458 0.835938 0.031250 0.103125
0 0.563542 0.764844 0.002083 0.007812
0 0.561458 0.725000 0.002083 0.009375
0 0.566667 0.746094 0.041667 0.054688
0 0.586458 0.670312 0.014583 0.028125
0 0.605208 0.575781 0.002083 0.004687
0 0.607292 0.560937 0.002083 0.018750
0 0.560417 0.541406 0.008333 0.001563
0 0.581250 0.541406 0.008333 0.004687
0 0.609375 0.513281 0.002083 0.004687
0 0.598958 0.500000 0.010417 0.003125
0 0.582292 0.499219 0.006250 0.004687
0 0.611458 0.471094 0.010417 0.017188
0 0.597917 0.457813 0.008333 0.006250
0 0.577083 0.399219 0.004167 0.010937
0 0.594792 0.389844 0.006250 0.007812
0 0.733333 0.523438 0.529167 0.950000
