0 0.798958 0.548438 0.397917 0.900000
0 0.057292 0.561719 0.010417 0.017188
0 0.047917 0.439844 0.095833 0.879687
0 0.463542 0.498437 0.097917 0.350000
0 0.651042 0.571094 0.110417 0.567187
0 0.369792 0.472656 0.139583 0.251563
0 0.827083 0.992969 0.008333 0.001563
0 0.718750 0.967187 0.012500 0.012500
0 0.755208 0.951562 0.127083 0.087500
0 0.728125 0.901563 0.002083 0.003125
0 0.992708 0.854688 0.002083 0.006250
0 0.743750 0.844531 0.004167 0.007812
0 0.990625 0.809375 0.006250 0.015625
0 0.994792 0.757812 0.002083 0.003125
0 0.991667 0.738281 0.008333 0.029687
0 0.993750 0.701562 0.008333 0.018750
0 0.988542 0.518750 0.010417 0.006250
0 0.832292 0.497656 0.002083 0.004687
0 0.817708 0.492969 0.002083 0.004687
0 0.814583 0.452344 0.004167 0.001563
0 0.815625 0.441406 0.010417 0.010937
0 0.787500 0.346094 0.004167 0.004687
0 0.957292 0.339844 0.006250 0.004687
0 0.845833 0.339844 0.004167 0.004687
0 0.854167 0.335156 0.008333 0.001563
0 0.943750 0.338281 0.008333 0.010937
0 0.846875 0.302344 0.002083 0.001563
0 0.951042 0.275000 0.010417 0.009375
0 0.798958 0.546875 0.397917 0.903125
0 0.470833 0.629687 0.012500 0.028125
0 0.479167 0.601562 0.004167 0.003125
0 0.419792 0.582812 0.002083 0.006250
0 0.486458 0.563281 0.018750 0.064062
0 0.493750 0.506250 0.012500 0.031250
0 0.428125 0.471875 0.006250 0.006250
0 0.441667 0.401562 0.008333 0.006250
0 0.440625 0.386719 0.002083 0.001563
0 0.360417 0.351562 0.033333 0.006250
0 0.522917 0.338281 0.004167 0.001563
0 0.390625 0.499219 0.272917 0.414062
0 0.017708 0.288281 0.027083 0.010937
0 0.018750 0.235156 0.016667 0.007812
0 0.050000 0.441406 0.100000 0.882812
0 0.420833 0.539844 0.687500 0.917188
0 0.633333 0.748437 0.004167 0.003125
0 0.651042 0.567969 0.118750 0.570312
