0 0.690625 0.450000 0.064583 0.728125
0 0.656250 0.526563 0.004167 0.006250
0 0.620833 0.513281 0.004167 0.004687
0 0.559375 0.507031 0.002083 0.001563
0 0.645833 0.505469 0.020833 0.017188
0 0.562500 0.485938 0.004167 0.003125
0 0.545833 0.468750 0.004167 0.003125
0 0.419792 0.455469 0.002083 0.004687
0 0.476042 0.442969 0.006250 0.010937
0 0.413542 0.436719 0.006250 0.004687
0 0.559375 0.429688 0.010417 0.003125
0 0.463542 0.428125 0.006250 0.006250
0 0.459375 0.421094 0.002083 0.001563
0 0.420833 0.421875 0.008333 0.006250
0 0.483333 0.421094 0.016667 0.014063
0 0.566667 0.416406 0.008333 0.007812
0 0.498958 0.410156 0.002083 0.001563
0 0.548958 0.413281 0.027083 0.023438
0 0.517708 0.396094 0.002083 0.001563
0 0.436458 0.411719 0.060417 0.032813
0 0.648958 0.392188 0.002083 0.003125
0 0.585417 0.389844 0.025000 0.004687
0 0.562500 0.389844 0.008333 0.004687
0 0.516667 0.386719 0.008333 0.004687
0 0.565625 0.381250 0.010417 0.006250
0 0.611458 0.375781 0.006250 0.004687
0 0.628125 0.372656 0.014583 0.010937
0 0.514583 0.369531 0.004167 0.007812
0 0.655208 0.371094 0.010417 0.020313
0 0.478125 0.355469 0.006250 0.001563
0 0.494792 0.367188 0.022917 0.031250
0 0.627083 0.356250 0.012500 0.012500
0 0.631250 0.335156 0.016667 0.010937
0 0.660417 0.328125 0.008333 0.025000
0 0.645833 0.318750 0.012500 0.009375
0 0.615625 0.313281 0.002083 0.001563
0 0.631250 0.314844 0.008333 0.010937
0 0.536458 0.319531 0.064583 0.048438
0 0.520833 0.292187 0.008333 0.003125
0 0.490625 0.292187 0.006250 0.006250
0 0.544792 0.293750 0.027083 0.021875
0 0.586458 0.273438 0.002083 0.003125
0 0.569792 0.271875 0.006250 0.003125
0 0.656250 0.274219 0.016667 0.023438
0 0.629167 0.281250 0.037500 0.037500
0 0.647917 0.253906 0.004167 0.001563
0 0.391667 0.242969 0.004167 0.004687
0 0.661458 0.230469 0.006250 0.017188
0 0.576042 0.222656 0.002083 0.007812
0 0.659375 0.203125 0.006250 0.012500
0 0.507292 0.420312 0.331250 0.571875
