0 0.567708 0.610156 0.385417 0.676562
0 0.611458 0.643750 0.002083 0.006250
0 0.600000 0.777344 0.258333 0.279687
0 0.673958 0.624219 0.002083 0.001563
0 0.603125 0.627344 0.018750 0.010937
0 0.503125 0.628125 0.027083 0.018750
0 0.662500 0.613281 0.004167 0.010937
0 0.569792 0.610156 0.002083 0.004687
0 0.701042 0.617969 0.018750 0.023438
0 0.600000 0.611719 0.025000 0.010937
0 0.706250 0.596094 0.004167 0.007812
0 0.534375 0.603125 0.035417 0.028125
0 0.558333 0.575781 0.025000 0.026562
0 0.705208 0.552344 0.002083 0.010937
0 0.505208 0.528906 0.006250 0.007812
0 0.568750 0.532031 0.008333 0.020313
0 0.581250 0.510156 0.004167 0.004687
0 0.534375 0.503125 0.014583 0.012500
0 0.582292 0.495312 0.006250 0.009375
0 0.569792 0.490625 0.002083 0.003125
0 0.618750 0.479687 0.004167 0.003125
0 0.641667 0.550781 0.129167 0.164062
0 0.646875 0.450000 0.006250 0.006250
0 0.513542 0.450000 0.002083 0.006250
0 0.507292 0.448437 0.002083 0.003125
0 0.536458 0.450781 0.006250 0.017188
0 0.536458 0.431250 0.002083 0.003125
0 0.521875 0.428906 0.002083 0.020313
0 0.643750 0.424219 0.020833 0.035937
0 0.598958 0.438281 0.085417 0.070312
0 0.573958 0.458594 0.247917 0.285938
0 0.460417 0.630469 0.004167 0.004687
0 0.566667 0.610156 0.387500 0.679688
