0 0.167708 0.956250 0.027083 0.056250
0 0.160417 0.906250 0.008333 0.009375
0 0.187500 0.888281 0.004167 0.004687
0 0.163542 0.883594 0.010417 0.007812
0 0.184375 0.842969 0.002083 0.001563
0 0.185417 0.794531 0.004167 0.010937
0 0.164583 0.751563 0.008333 0.015625
0 0.167708 0.736719 0.006250 0.001563
0 0.220833 0.726562 0.012500 0.009375
0 0.168750 0.428125 0.008333 0.009375
0 0.177083 0.368750 0.012500 0.012500
0 0.178125 0.348438 0.018750 0.012500
0 0.213542 0.243750 0.006250 0.003125
0 0.507292 0.552344 0.689583 0.892188
0 0.236458 0.108594 0.002083 0.004687
0 0.257292 0.105469 0.002083 0.001563
0 0.227083 0.109375 0.008333 0.009375
0 0.316667 0.098437 0.008333 0.006250
0 0.297917 0.055469 0.004167 0.004687
0 0.759375 0.984375 0.002083 0.003125
0 0.632292 0.931250 0.002083 0.003125
0 0.618750 0.938281 0.045833 0.042188
0 0.582292 0.820312 0.002083 0.003125
0 0.584375 0.781250 0.002083 0.006250
0 0.223958 0.724219 0.010417 0.007812
0 0.531250 0.559375 0.633333 0.878125
0 0.587500 0.997656 0.004167 0.001563
0 0.180208 0.861719 0.072917 0.273438
0 0.984375 0.078125 0.002083 0.003125
0 0.576042 0.517969 0.839583 0.954688
