0 0.808333 0.567187 0.379167 0.650000
0 0.953125 0.716406 0.089583 0.360938
0 0.987500 0.475781 0.020833 0.098437
0 0.910417 0.235156 0.004167 0.004687
0 0.928125 0.232031 0.010417 0.020313
0 0.794792 0.228906 0.022917 0.017188
0 0.868750 0.229687 0.045833 0.021875
0 0.750000 0.228125 0.033333 0.018750
0 0.712500 0.225000 0.012500 0.012500
0 0.641667 0.530469 0.116667 0.629687
0 0.907292 0.910156 0.002083 0.001563
0 0.897917 0.914844 0.012500 0.010937
0 0.866667 0.904687 0.020833 0.012500
0 0.926042 0.892969 0.010417 0.001563
0 0.806250 0.896875 0.037500 0.028125
0 0.956250 0.695312 0.008333 0.006250
0 0.955208 0.790625 0.085417 0.281250
0 0.996875 0.643750 0.002083 0.006250
0 0.984375 0.594531 0.022917 0.045312
0 0.757292 0.233594 0.002083 0.001563
0 0.757292 0.522656 0.481250 0.754687
0 0.888542 0.889844 0.022917 0.007812
0 0.905208 0.878125 0.006250 0.012500
0 0.833333 0.878906 0.075000 0.014063
0 0.823958 0.860938 0.002083 0.009375
0 0.929167 0.866406 0.025000 0.039062
0 0.936458 0.841406 0.002083 0.004687
0 0.950000 0.783594 0.004167 0.004687
0 0.929167 0.796094 0.070833 0.151562
0 0.963542 0.717187 0.022917 0.031250
0 0.953125 0.702344 0.002083 0.001563
0 0.952083 0.687500 0.062500 0.068750
0 0.708333 0.746875 0.170833 0.250000
0 0.822917 0.617188 0.004167 0.003125
0 0.836458 0.614062 0.010417 0.009375
0 0.661458 0.608594 0.002083 0.004687
0 0.828125 0.607812 0.006250 0.006250
0 0.636458 0.610156 0.018750 0.032813
0 0.630208 0.594531 0.002083 0.001563
0 0.867708 0.610156 0.022917 0.039062
0 0.964583 0.602344 0.045833 0.092188
0 0.646875 0.555469 0.043750 0.095312
0 0.682292 0.460156 0.002083 0.004687
0 0.681250 0.442188 0.004167 0.015625
0 0.659375 0.414062 0.002083 0.003125
0 0.645833 0.410938 0.008333 0.012500
0 0.976042 0.476562 0.043750 0.175000
0 0.989583 0.350000 0.016667 0.068750
0 0.994792 0.300000 0.002083 0.018750
0 0.929167 0.231250 0.004167 0.006250
0 0.815625 0.360156 0.364583 0.273438
