0 0.416667 0.646094 0.487500 0.704688
0 0.150000 0.990625 0.029167 0.015625
0 0.152083 0.819531 0.008333 0.001563
0 0.138542 0.820312 0.006250 0.009375
0 0.173958 0.709375 0.010417 0.031250
0 0.180208 0.568750 0.006250 0.006250
0 0.151042 0.415625 0.002083 0.003125
0 0.164583 0.391406 0.004167 0.004687
0 0.172917 0.375000 0.020833 0.031250
0 0.157292 0.335156 0.014583 0.004687
0 0.611458 0.289844 0.002083 0.001563
0 0.627083 0.283594 0.008333 0.010937
0 0.540625 0.278125 0.002083 0.006250
0 0.627083 0.256250 0.004167 0.003125
0 0.692708 0.250781 0.002083 0.001563
0 0.191667 0.253906 0.004167 0.007812
0 0.644792 0.242188 0.002083 0.006250
0 0.405208 0.597656 0.685417 0.801562
