0 0.943750 0.749219 0.004167 0.004687
0 0.981250 0.868750 0.033333 0.259375
0 0.988542 0.694531 0.018750 0.045312
0 0.989583 0.645312 0.012500 0.021875
0 0.992708 0.608594 0.010417 0.039062
0 0.992708 0.545312 0.006250 0.012500
0 0.852083 0.582031 0.291667 0.832812
0 0.444792 0.941406 0.002083 0.001563
0 0.840625 0.854688 0.006250 0.003125
0 0.836458 0.846875 0.002083 0.003125
0 0.856250 0.839063 0.004167 0.012500
0 0.848958 0.767188 0.018750 0.018750
0 0.855208 0.677344 0.010417 0.010937
0 0.792708 0.646875 0.006250 0.006250
0 0.853125 0.638281 0.014583 0.010937
0 0.787500 0.625000 0.008333 0.006250
0 0.783333 0.803906 0.158333 0.389062
0 0.829167 0.625781 0.037500 0.060937
0 0.871875 0.595313 0.006250 0.009375
0 0.777083 0.587500 0.058333 0.028125
0 0.808333 0.547656 0.029167 0.020313
0 0.839583 0.540625 0.012500 0.009375
0 0.750000 0.515625 0.004167 0.012500
0 0.806250 0.524219 0.045833 0.032813
0 0.754167 0.464062 0.016667 0.018750
0 0.823958 0.476562 0.056250 0.084375
0 0.832292 0.430469 0.010417 0.004687
0 0.844792 0.407031 0.006250 0.001563
0 0.782292 0.414844 0.035417 0.017188
0 0.776042 0.352344 0.002083 0.001563
0 0.778125 0.368750 0.097917 0.046875
0 0.825000 0.346875 0.029167 0.009375
0 0.763542 0.328125 0.006250 0.012500
0 0.763542 0.300781 0.002083 0.010937
0 0.860417 0.266406 0.004167 0.007812
0 0.888542 0.254688 0.002083 0.003125
0 0.902083 0.252344 0.004167 0.004687
0 0.766667 0.265625 0.029167 0.031250
0 0.750000 0.249219 0.004167 0.007812
0 0.807292 0.253125 0.027083 0.025000
0 0.921875 0.246094 0.043750 0.014063
0 0.822917 0.234375 0.025000 0.015625
0 0.903125 0.221094 0.010417 0.017188
0 0.943750 0.207813 0.004167 0.003125
0 0.930208 0.207813 0.010417 0.006250
0 0.665625 0.179688 0.002083 0.003125
0 0.769792 0.132031 0.006250 0.001563
0 0.987500 0.118750 0.012500 0.003125
0 0.729167 0.525000 0.537500 0.946875
