0 0.860417 0.613281 0.200000 0.770312
0 0.922917 0.788281 0.008333 0.014063
0 0.929167 0.707812 0.004167 0.009375
0 0.952083 0.667188 0.091667 0.662500
0 0.990625 0.330469 0.002083 0.001563
0 0.990625 0.310937 0.010417 0.006250
0 0.993750 0.290625 0.004167 0.012500
0 0.730208 0.588281 0.535417 0.820312
0 0.015625 0.394531 0.006250 0.004687
0 0.008333 0.382812 0.004167 0.003125
0 0.007292 0.276562 0.002083 0.003125
0 0.001042 0.277344 0.002083 0.004687
0 0.007292 0.234375 0.002083 0.006250
0 0.055208 0.517969 0.110417 0.960938
