0 0.163542 0.386719 0.181250 0.570312
0 0.429167 0.424219 0.095833 0.685937
0 0.237500 0.596094 0.004167 0.004687
0 0.235417 0.553906 0.004167 0.001563
0 0.468750 0.551562 0.004167 0.015625
0 0.235417 0.511719 0.008333 0.020313
0 0.480208 0.386719 0.006250 0.020313
0 0.458333 0.379688 0.020833 0.025000
0 0.247917 0.339844 0.008333 0.026562
0 0.401042 0.307812 0.010417 0.025000
0 0.404167 0.273438 0.012500 0.025000
0 0.414583 0.196094 0.008333 0.010937
0 0.347917 0.108594 0.020833 0.001563
0 0.308333 0.109375 0.012500 0.003125
0 0.248958 0.107813 0.022917 0.006250
0 0.163542 0.100000 0.106250 0.009375
0 0.085417 0.096875 0.012500 0.003125
