0 0.507292 0.138281 0.002083 0.007812
0 0.607292 0.499219 0.397917 0.998437
0 0.588542 0.983594 0.010417 0.007812
0 0.632292 0.970313 0.068750 0.050000
0 0.617708 0.938281 0.006250 0.001563
0 0.553125 0.965625 0.064583 0.065625
0 0.615625 0.930469 0.002083 0.001563
0 0.594792 0.928906 0.010417 0.010937
0 0.608333 0.925781 0.008333 0.007812
0 0.600000 0.889062 0.004167 0.003125
0 0.618750 0.866406 0.008333 0.007812
0 0.609375 0.864062 0.010417 0.006250
0 0.573958 0.875000 0.018750 0.050000
0 0.628125 0.846875 0.027083 0.018750
0 0.642708 0.833594 0.002083 0.001563
0 0.577083 0.830469 0.025000 0.010937
0 0.557292 0.839063 0.018750 0.037500
0 0.641667 0.818750 0.020833 0.021875
0 0.634375 0.797656 0.010417 0.004687
0 0.598958 0.808594 0.039583 0.029687
0 0.566667 0.785937 0.004167 0.003125
0 0.554167 0.789062 0.004167 0.009375
0 0.636458 0.768750 0.006250 0.003125
0 0.653125 0.767188 0.002083 0.003125
0 0.581250 0.762500 0.004167 0.003125
0 0.671875 0.735938 0.006250 0.003125
0 0.650000 0.734375 0.008333 0.012500
0 0.560417 0.742969 0.020833 0.039062
0 0.553125 0.718750 0.002083 0.003125
0 0.559375 0.679688 0.018750 0.062500
0 0.560417 0.617188 0.004167 0.003125
0 0.583333 0.607812 0.004167 0.009375
0 0.593750 0.608594 0.008333 0.014063
0 0.572917 0.580469 0.033333 0.035937
0 0.629167 0.564844 0.020833 0.032813
0 0.590625 0.539844 0.014583 0.004687
0 0.628125 0.514062 0.002083 0.003125
0 0.622917 0.489063 0.008333 0.012500
0 0.651042 0.480469 0.002083 0.004687
0 0.567708 0.453125 0.018750 0.068750
0 0.616667 0.414062 0.012500 0.009375
0 0.655208 0.409375 0.002083 0.003125
0 0.594792 0.404687 0.002083 0.015625
0 0.620833 0.403125 0.033333 0.015625
0 0.705208 0.389062 0.002083 0.003125
0 0.707292 0.383594 0.002083 0.001563
0 0.591667 0.385937 0.025000 0.037500
0 0.614583 0.364063 0.004167 0.009375
0 0.573958 0.356250 0.002083 0.003125
0 0.576042 0.349219 0.014583 0.017188
0 0.636458 0.348438 0.047917 0.050000
0 0.602083 0.325781 0.004167 0.004687
0 0.716667 0.311719 0.012500 0.004687
0 0.635417 0.310937 0.004167 0.006250
0 0.660417 0.308594 0.012500 0.014063
0 0.625000 0.300781 0.008333 0.010937
0 0.662500 0.291406 0.004167 0.004687
0 0.098958 0.639062 0.052083 0.712500
0 0.663542 0.282813 0.002083 0.003125
0 0.625000 0.282031 0.008333 0.010937
0 0.772917 0.280469 0.012500 0.014063
0 0.580208 0.288281 0.022917 0.035937
0 0.704167 0.261719 0.029167 0.029687
0 0.779167 0.228906 0.008333 0.017188
0 0.766667 0.219531 0.004167 0.007812
0 0.752083 0.228906 0.016667 0.032813
0 0.610417 0.226562 0.033333 0.028125
0 0.784375 0.204687 0.002083 0.003125
0 0.733333 0.209375 0.016667 0.015625
0 0.645833 0.240625 0.041667 0.090625
0 0.782292 0.189062 0.006250 0.006250
0 0.788542 0.178906 0.002083 0.004687
0 0.779167 0.175781 0.004167 0.004687
0 0.116667 0.219531 0.020833 0.110937
0 0.764583 0.170313 0.016667 0.018750
0 0.117708 0.151562 0.006250 0.006250
0 0.714583 0.172656 0.050000 0.085938
0 0.743750 0.146094 0.020833 0.035937
0 0.763542 0.117188 0.002083 0.003125
0 0.752083 0.117969 0.004167 0.004687
0 0.743750 0.094531 0.012500 0.007812
0 0.795833 0.086719 0.008333 0.004687
0 0.125000 0.087500 0.008333 0.009375
0 0.767708 0.077344 0.002083 0.001563
0 0.788542 0.073438 0.006250 0.003125
0 0.763542 0.066406 0.006250 0.007812
0 0.695833 0.049219 0.004167 0.001563
0 0.783333 0.047656 0.008333 0.004687
0 0.746875 0.054688 0.014583 0.018750
0 0.317708 0.043750 0.014583 0.009375
0 0.298958 0.040625 0.002083 0.003125
0 0.727083 0.035156 0.004167 0.001563
0 0.680208 0.035937 0.002083 0.003125
0 0.768750 0.035156 0.008333 0.007812
0 0.178125 0.037500 0.022917 0.012500
0 0.332292 0.027344 0.002083 0.004687
0 0.281250 0.031250 0.029167 0.028125
0 0.238542 0.028906 0.039583 0.032813
0 0.208333 0.015625 0.020833 0.015625
0 0.178125 0.014844 0.027083 0.014063
0 0.131250 0.010937 0.020833 0.012500
0 0.579167 0.499219 0.341667 0.998437
