0 0.459375 0.003125 0.056250 0.006250
0 0.536458 0.444531 0.581250 0.889062
0 0.784375 0.453125 0.168750 0.906250
0 0.243750 0.738281 0.004167 0.010937
0 0.244792 0.718750 0.010417 0.015625
0 0.403125 0.707031 0.006250 0.007812
0 0.360417 0.700781 0.004167 0.004687
0 0.383333 0.701562 0.008333 0.015625
0 0.326042 0.651563 0.002083 0.006250
0 0.261458 0.635938 0.006250 0.009375
0 0.340625 0.628125 0.002083 0.006250
0 0.334375 0.624219 0.002083 0.004687
0 0.261458 0.625000 0.002083 0.006250
0 0.263542 0.600781 0.002083 0.001563
0 0.263542 0.582812 0.002083 0.003125
0 0.345833 0.564063 0.008333 0.009375
0 0.351042 0.478125 0.014583 0.021875
0 0.276042 0.464844 0.002083 0.004687
0 0.356250 0.454688 0.008333 0.015625
0 0.343750 0.428906 0.025000 0.014063
0 0.355208 0.407813 0.002083 0.003125
0 0.350000 0.360938 0.012500 0.006250
0 0.363542 0.321094 0.018750 0.010937
0 0.371875 0.288281 0.014583 0.042188
0 0.364583 0.249219 0.008333 0.007812
0 0.346875 0.235156 0.006250 0.004687
0 0.371875 0.218750 0.027083 0.040625
0 0.379167 0.181250 0.020833 0.015625
0 0.385417 0.157812 0.012500 0.009375
0 0.386458 0.127344 0.014583 0.039062
0 0.361458 0.108594 0.006250 0.004687
0 0.345833 0.096094 0.004167 0.004687
0 0.391667 0.083594 0.008333 0.007812
0 0.395833 0.069531 0.008333 0.004687
0 0.720833 0.055469 0.004167 0.004687
0 0.783333 0.446094 0.162500 0.892188
0 0.792708 0.002344 0.010417 0.004687
0 0.745833 0.000781 0.008333 0.001563
0 0.723958 0.007812 0.027083 0.015625
0 0.456250 0.002344 0.008333 0.004687
0 0.440625 0.002344 0.014583 0.004687
