0 0.235417 0.813281 0.008333 0.001563
0 0.396875 0.519531 0.664583 0.804688
0 0.646875 0.875781 0.002083 0.010937
0 0.651042 0.850781 0.002083 0.026562
0 0.323958 0.842187 0.043750 0.065625
0 0.654167 0.808594 0.008333 0.039062
0 0.337500 0.793750 0.020833 0.012500
0 0.337500 0.775000 0.020833 0.012500
0 0.663542 0.765625 0.014583 0.037500
0 0.341667 0.735156 0.020833 0.035937
0 0.345833 0.707031 0.016667 0.020313
0 0.344792 0.690625 0.006250 0.006250
0 0.345833 0.679688 0.004167 0.003125
0 0.356250 0.677344 0.004167 0.010937
0 0.682292 0.610938 0.010417 0.006250
0 0.701042 0.405469 0.002083 0.010937
0 0.080208 0.330469 0.002083 0.017188
0 0.079167 0.254688 0.004167 0.003125
0 0.080208 0.237500 0.010417 0.012500
0 0.079167 0.171875 0.008333 0.031250
0 0.395833 0.117969 0.683333 0.057813
