0 0.590625 0.455469 0.443750 0.729688
0 0.650000 0.811719 0.004167 0.010937
0 0.609375 0.807031 0.002083 0.001563
0 0.529167 0.810156 0.004167 0.007812
0 0.686458 0.812500 0.018750 0.015625
0 0.500000 0.808594 0.008333 0.010937
0 0.594792 0.807031 0.035417 0.020313
0 0.751042 0.803906 0.039583 0.032813
0 0.391667 0.691406 0.008333 0.010937
0 0.759375 0.616406 0.006250 0.001563
0 0.750000 0.617188 0.004167 0.003125
0 0.769792 0.638281 0.060417 0.270313
0 0.416667 0.496875 0.004167 0.012500
0 0.771875 0.478906 0.027083 0.026562
0 0.395833 0.382812 0.004167 0.003125
0 0.417708 0.332813 0.006250 0.003125
0 0.409375 0.235156 0.002083 0.001563
0 0.394792 0.218750 0.002083 0.003125
0 0.417708 0.216406 0.006250 0.014063
0 0.414583 0.192188 0.012500 0.021875
0 0.798958 0.165625 0.002083 0.003125
0 0.596875 0.135937 0.006250 0.003125
0 0.416667 0.134375 0.008333 0.015625
0 0.736458 0.122656 0.010417 0.020313
0 0.621875 0.105469 0.002083 0.001563
0 0.595833 0.439063 0.466667 0.706250
