0 0.392708 0.997656 0.002083 0.001563
0 0.434375 0.996875 0.002083 0.003125
0 0.386458 0.996875 0.002083 0.003125
0 0.422917 0.992188 0.016667 0.009375
0 0.386458 0.978125 0.006250 0.006250
0 0.416667 0.962500 0.008333 0.006250
0 0.434375 0.957031 0.010417 0.007812
0 0.385417 0.954688 0.012500 0.015625
0 0.400000 0.946094 0.008333 0.010937
0 0.371875 0.930469 0.002083 0.001563
0 0.387500 0.928125 0.004167 0.009375
0 0.428125 0.910156 0.002083 0.001563
0 0.370833 0.891406 0.012500 0.010937
0 0.386458 0.884375 0.010417 0.021875
0 0.371875 0.877344 0.010417 0.010937
0 0.396875 0.854688 0.006250 0.015625
0 0.412500 0.844531 0.004167 0.004687
0 0.400000 0.841406 0.008333 0.004687
0 0.443750 0.838281 0.004167 0.001563
0 0.326042 0.839844 0.031250 0.048438
0 0.313542 0.812500 0.006250 0.006250
0 0.330208 0.810156 0.006250 0.004687
0 0.339583 0.799219 0.004167 0.004687
0 0.361458 0.792188 0.014583 0.012500
0 0.378125 0.784375 0.002083 0.003125
0 0.396875 0.808594 0.089583 0.070312
0 0.438542 0.735938 0.010417 0.006250
0 0.423958 0.739062 0.014583 0.025000
0 0.332292 0.709375 0.002083 0.006250
0 0.445833 0.696875 0.004167 0.003125
0 0.403125 0.732812 0.068750 0.087500
0 0.395833 0.689063 0.004167 0.003125
0 0.336458 0.692187 0.014583 0.015625
0 0.385417 0.683594 0.020833 0.014063
0 0.409375 0.674219 0.002083 0.004687
0 0.366667 0.612500 0.004167 0.012500
0 0.417708 0.594531 0.002083 0.001563
0 0.413542 0.587500 0.006250 0.009375
0 0.408333 0.646094 0.358333 0.704688
