0 0.565625 0.992969 0.002083 0.001563
0 0.546875 0.988281 0.018750 0.010937
0 0.554167 0.962500 0.004167 0.003125
0 0.555208 0.942187 0.006250 0.012500
0 0.535417 0.925781 0.016667 0.039062
0 0.653125 0.878906 0.002083 0.001563
0 0.677083 0.864062 0.004167 0.003125
0 0.663542 0.864844 0.006250 0.004687
0 0.652083 0.864062 0.004167 0.003125
0 0.594792 0.852344 0.006250 0.001563
0 0.678125 0.850781 0.002083 0.001563
0 0.597917 0.836719 0.008333 0.010937
0 0.571875 0.835938 0.010417 0.012500
0 0.542708 0.762500 0.002083 0.003125
0 0.615625 0.499219 0.402083 0.998437
0 0.058333 0.499219 0.116667 0.998437
