0 0.541667 0.766406 0.004167 0.004687
0 0.506250 0.625781 0.025000 0.014063
0 0.515625 0.584375 0.002083 0.009375
0 0.506250 0.583594 0.004167 0.007812
0 0.566667 0.593750 0.016667 0.031250
0 0.531250 0.578125 0.012500 0.009375
0 0.515625 0.567187 0.002083 0.003125
0 0.617708 0.689063 0.027083 0.293750
0 0.641667 0.520312 0.004167 0.003125
0 0.612500 0.507812 0.012500 0.012500
0 0.630208 0.519531 0.006250 0.039062
0 0.642708 0.501563 0.002083 0.006250
0 0.559375 0.537500 0.118750 0.090625
0 0.486458 0.448437 0.014583 0.015625
0 0.561458 0.440625 0.014583 0.006250
0 0.579167 0.405469 0.012500 0.014063
0 0.593750 0.402344 0.004167 0.010937
0 0.627083 0.397656 0.012500 0.023438
0 0.606250 0.389844 0.008333 0.007812
0 0.578125 0.390625 0.002083 0.009375
0 0.538542 0.384375 0.006250 0.012500
0 0.573958 0.375781 0.002083 0.001563
0 0.458333 0.374219 0.004167 0.004687
0 0.559375 0.372656 0.014583 0.014063
0 0.494792 0.396094 0.056250 0.064062
0 0.507292 0.351562 0.006250 0.015625
0 0.521875 0.357812 0.035417 0.031250
0 0.497917 0.345313 0.008333 0.012500
0 0.469792 0.332031 0.002083 0.004687
0 0.540625 0.328125 0.002083 0.009375
0 0.511458 0.317969 0.006250 0.007812
0 0.605208 0.298438 0.006250 0.003125
0 0.579167 0.290625 0.008333 0.009375
0 0.513542 0.288281 0.006250 0.004687
0 0.607292 0.382812 0.114583 0.218750
0 0.547917 0.280469 0.025000 0.017188
0 0.591667 0.318750 0.087500 0.100000
0 0.657292 0.264844 0.006250 0.007812
0 0.603125 0.272656 0.022917 0.026562
0 0.437500 0.260937 0.004167 0.009375
0 0.557292 0.262500 0.014583 0.018750
0 0.657292 0.237500 0.010417 0.009375
0 0.526042 0.238281 0.006250 0.014063
0 0.592708 0.218750 0.039583 0.043750
0 0.665625 0.202344 0.002083 0.023438
0 0.664583 0.185938 0.004167 0.003125
0 0.439583 0.530469 0.125000 0.732812
0 0.619792 0.167187 0.010417 0.012500
