0 0.832292 0.464062 0.114583 0.550000
0 0.405208 0.510938 0.285417 0.950000
0 0.029167 0.375000 0.058333 0.731250
0 0.523958 0.839844 0.006250 0.004687
0 0.535417 0.715625 0.004167 0.009375
0 0.555208 0.477344 0.002083 0.004687
0 0.581250 0.511719 0.637500 0.951562
0 0.835417 0.685156 0.004167 0.001563
0 0.834375 0.656250 0.010417 0.012500
0 0.531250 0.744531 0.041667 0.276562
0 0.847917 0.537500 0.008333 0.021875
0 0.848958 0.518750 0.006250 0.003125
0 0.850000 0.500000 0.012500 0.018750
0 0.855208 0.478906 0.002083 0.004687
0 0.858333 0.457813 0.008333 0.018750
0 0.862500 0.423438 0.012500 0.031250
0 0.872917 0.355469 0.008333 0.020313
0 0.881250 0.325000 0.004167 0.006250
0 0.542708 0.256250 0.002083 0.003125
0 0.888542 0.250781 0.002083 0.007812
0 0.897917 0.180469 0.004167 0.007812
0 0.725000 0.305469 0.400000 0.520312
