0 0.904167 0.264062 0.187500 0.528125
0 0.776042 0.514062 0.002083 0.006250
0 0.759375 0.317969 0.002083 0.001563
0 0.667708 0.586719 0.193750 0.592187
0 0.340625 0.581250 0.372917 0.834375
0 0.835417 0.709375 0.008333 0.012500
0 0.835417 0.689063 0.004167 0.003125
0 0.745833 0.774219 0.037500 0.207813
0 0.838542 0.666406 0.006250 0.007812
0 0.654167 0.223438 0.350000 0.081250
0 0.303125 0.992969 0.002083 0.001563
0 0.185417 0.890625 0.062500 0.215625
0 0.460417 0.650781 0.004167 0.007812
0 0.469792 0.631250 0.002083 0.003125
0 0.351042 0.581250 0.372917 0.834375
0 0.171875 0.997656 0.002083 0.001563
0 0.205208 0.957812 0.014583 0.006250
0 0.179167 0.948438 0.045833 0.018750
0 0.169792 0.792969 0.006250 0.004687
0 0.188542 0.707812 0.006250 0.006250
0 0.166667 0.675000 0.004167 0.021875
0 0.180208 0.523438 0.010417 0.021875
0 0.185417 0.403125 0.012500 0.009375
0 0.196875 0.312500 0.035417 0.025000
0 0.192708 0.261719 0.006250 0.007812
0 0.184375 0.235156 0.006250 0.004687
0 0.360417 0.217188 0.004167 0.009375
0 0.213542 0.205469 0.018750 0.010937
0 0.646875 0.592969 0.360417 0.810937
0 0.709375 0.838281 0.006250 0.004687
0 0.590625 0.404687 0.002083 0.015625
0 0.697917 0.582031 0.212500 0.595313
