0 0.665625 0.992188 0.002083 0.003125
0 0.472917 0.985938 0.008333 0.009375
0 0.517708 0.978906 0.006250 0.007812
0 0.433333 0.975000 0.004167 0.003125
0 0.654167 0.965625 0.004167 0.006250
0 0.665625 0.959375 0.002083 0.003125
0 0.405208 0.958594 0.002083 0.001563
0 0.691667 0.968750 0.045833 0.037500
0 0.686458 0.938281 0.002083 0.001563
0 0.419792 0.938281 0.010417 0.010937
0 0.443750 0.947656 0.045833 0.039062
0 0.683333 0.920312 0.004167 0.006250
0 0.439583 0.917969 0.008333 0.007812
0 0.697917 0.917188 0.008333 0.015625
0 0.715625 0.921094 0.022917 0.054688
0 0.679167 0.895312 0.004167 0.003125
0 0.485417 0.860156 0.004167 0.004687
0 0.692708 0.846094 0.006250 0.004687
0 0.442708 0.847656 0.002083 0.007812
0 0.457292 0.828125 0.002083 0.006250
0 0.391667 0.821875 0.004167 0.003125
0 0.458333 0.816406 0.004167 0.004687
0 0.390625 0.807813 0.002083 0.003125
0 0.620833 0.537500 0.750000 0.921875
0 0.386458 0.771875 0.006250 0.009375
0 0.389583 0.749219 0.004167 0.020313
0 0.396875 0.716406 0.002083 0.001563
0 0.398958 0.674219 0.002083 0.004687
0 0.388542 0.613281 0.014583 0.026562
0 0.388542 0.565625 0.010417 0.018750
0 0.376042 0.473438 0.002083 0.003125
0 0.386458 0.475000 0.006250 0.009375
0 0.387500 0.455469 0.008333 0.014063
0 0.346875 0.429688 0.002083 0.003125
0 0.381250 0.392188 0.020833 0.025000
0 0.375000 0.350000 0.004167 0.006250
0 0.560417 0.587500 0.391667 0.821875
