0 0.760417 0.472656 0.254167 0.635938
0 0.356250 0.378906 0.079167 0.501563
0 0.368750 0.588281 0.004167 0.004687
0 0.367708 0.567969 0.002083 0.007812
0 0.383333 0.460938 0.004167 0.012500
0 0.386458 0.435156 0.014583 0.026562
0 0.348958 0.409375 0.014583 0.015625
0 0.367708 0.382031 0.006250 0.001563
0 0.354167 0.380469 0.008333 0.004687
0 0.401042 0.373437 0.006250 0.003125
0 0.385417 0.355469 0.008333 0.010937
0 0.347917 0.346875 0.004167 0.003125
0 0.363542 0.332813 0.010417 0.006250
0 0.352083 0.289844 0.016667 0.007812
0 0.335417 0.275781 0.004167 0.004687
0 0.382292 0.303125 0.022917 0.065625
0 0.357292 0.235937 0.002083 0.003125
0 0.382292 0.243750 0.022917 0.031250
0 0.369792 0.214844 0.006250 0.004687
0 0.334375 0.213281 0.006250 0.007812
0 0.342708 0.206250 0.002083 0.003125
0 0.386458 0.200781 0.006250 0.020313
0 0.358333 0.163281 0.008333 0.007812
0 0.415625 0.383594 0.247917 0.498437
