0 0.581250 0.636719 0.350000 0.695312
0 0.641667 0.976562 0.050000 0.018750
0 0.588542 0.962500 0.043750 0.012500
0 0.538542 0.950000 0.031250 0.009375
0 0.508333 0.942187 0.008333 0.006250
0 0.479167 0.935156 0.016667 0.004687
0 0.426042 0.921094 0.027083 0.007812
0 0.377083 0.914844 0.004167 0.001563
0 0.375000 0.873437 0.004167 0.012500
0 0.681250 0.904687 0.029167 0.084375
0 0.384375 0.863281 0.006250 0.010937
0 0.703125 0.858594 0.010417 0.017188
0 0.401042 0.850781 0.002083 0.004687
0 0.380208 0.817969 0.006250 0.004687
0 0.403125 0.818750 0.002083 0.009375
0 0.694792 0.833594 0.039583 0.048438
0 0.707292 0.785156 0.022917 0.029687
0 0.390625 0.742188 0.014583 0.018750
0 0.702083 0.747656 0.033333 0.051562
0 0.413542 0.728125 0.006250 0.021875
0 0.696875 0.714063 0.002083 0.006250
0 0.413542 0.679688 0.006250 0.006250
0 0.397917 0.666406 0.008333 0.020313
0 0.417708 0.617188 0.002083 0.003125
0 0.459375 0.389844 0.010417 0.014063
0 0.450000 0.375000 0.004167 0.003125
0 0.585417 0.499219 0.391667 0.473438
0 0.544792 0.978906 0.106250 0.035937
0 0.448958 0.963281 0.031250 0.026562
0 0.454167 0.275781 0.008333 0.004687
0 0.585417 0.591406 0.600000 0.814063
0 0.638542 0.978125 0.002083 0.003125
0 0.691667 0.934375 0.020833 0.062500
0 0.576042 0.590625 0.414583 0.665625
