0 0.177083 0.495312 0.050000 0.796875
0 0.600000 0.877344 0.004167 0.004687
0 0.188542 0.855469 0.002083 0.004687
0 0.611458 0.848437 0.002083 0.006250
0 0.612500 0.837500 0.004167 0.003125
0 0.161458 0.816406 0.002083 0.007812
0 0.150000 0.809375 0.008333 0.021875
0 0.601042 0.828906 0.010417 0.082812
0 0.592708 0.776563 0.010417 0.012500
0 0.154167 0.735156 0.004167 0.007812
0 0.586458 0.721094 0.002083 0.004687
0 0.584375 0.707812 0.010417 0.012500
0 0.192708 0.663281 0.002083 0.004687
0 0.158333 0.596094 0.008333 0.017188
0 0.158333 0.575781 0.004167 0.004687
0 0.158333 0.549219 0.004167 0.010937
0 0.172917 0.714063 0.045833 0.353125
0 0.157292 0.535937 0.002083 0.003125
0 0.182292 0.528906 0.022917 0.017188
0 0.172917 0.503125 0.004167 0.009375
0 0.583333 0.496875 0.008333 0.006250
0 0.160417 0.503125 0.008333 0.028125
0 0.590625 0.452344 0.022917 0.017188
0 0.190625 0.440625 0.002083 0.003125
0 0.600000 0.437500 0.004167 0.006250
0 0.194792 0.435156 0.002083 0.001563
0 0.180208 0.435156 0.002083 0.001563
0 0.188542 0.358594 0.006250 0.007812
0 0.178125 0.429688 0.039583 0.171875
0 0.184375 0.332813 0.002083 0.003125
0 0.161458 0.328906 0.006250 0.010937
0 0.190625 0.309375 0.010417 0.012500
0 0.192708 0.289844 0.010417 0.010937
0 0.162500 0.243750 0.008333 0.018750
0 0.163542 0.217969 0.006250 0.014063
0 0.177083 0.226562 0.037500 0.118750
0 0.409375 0.347656 0.531250 0.560937
