0 0.518750 0.328906 0.004167 0.004687
0 0.558333 0.325000 0.004167 0.003125
0 0.531250 0.324219 0.008333 0.001563
0 0.513542 0.324219 0.002083 0.001563
0 0.436458 0.321094 0.006250 0.001563
0 0.448958 0.329688 0.031250 0.028125
0 0.462500 0.305469 0.008333 0.017188
0 0.605208 0.300781 0.014583 0.023438
0 0.542708 0.289844 0.002083 0.001563
0 0.529167 0.289844 0.004167 0.001563
0 0.433333 0.307812 0.033333 0.037500
0 0.444792 0.632812 0.343750 0.693750
0 0.533333 0.305469 0.091667 0.045312
0 0.431250 0.628906 0.408333 0.732812
