0 0.956250 0.538281 0.004167 0.010937
0 0.880208 0.649219 0.227083 0.698438
0 0.068750 0.735938 0.129167 0.084375
0 0.132292 0.360938 0.264583 0.721875
0 0.735417 0.749219 0.004167 0.004687
0 0.468750 0.635156 0.008333 0.004687
0 0.552083 0.454688 0.004167 0.009375
0 0.554167 0.434375 0.004167 0.012500
0 0.554167 0.408594 0.004167 0.004687
0 0.560417 0.347656 0.004167 0.001563
0 0.564583 0.335938 0.004167 0.009375
0 0.501042 0.324219 0.002083 0.001563
0 0.546875 0.325000 0.006250 0.006250
0 0.511458 0.328125 0.010417 0.012500
0 0.528125 0.316406 0.010417 0.007812
0 0.872917 0.649219 0.216667 0.698438
0 0.429167 0.644531 0.179167 0.707812
0 0.454167 0.643750 0.233333 0.709375
