0 0.601042 0.628906 0.568750 0.739062
0 0.331250 0.869531 0.041667 0.248438
0 0.325000 0.725781 0.016667 0.017188
0 0.319792 0.700781 0.002083 0.001563
0 0.323958 0.637500 0.018750 0.075000
0 0.396875 0.790625 0.031250 0.415625
0 0.320833 0.571875 0.012500 0.015625
0 0.318750 0.556250 0.004167 0.003125
0 0.314583 0.549219 0.004167 0.004687
0 0.316667 0.502344 0.012500 0.054688
0 0.329167 0.471875 0.008333 0.006250
0 0.717708 0.422656 0.010417 0.004687
0 0.717708 0.395313 0.010417 0.006250
0 0.315625 0.413281 0.014583 0.045312
0 0.659375 0.383594 0.022917 0.010937
0 0.695833 0.378906 0.041667 0.014063
0 0.515625 0.475000 0.247917 0.209375
0 0.610417 0.342187 0.004167 0.015625
0 0.597917 0.626563 0.583333 0.743750
