0 0.115625 0.771875 0.231250 0.453125
0 0.133333 0.378906 0.266667 0.326562
0 0.566667 0.436719 0.008333 0.004687
0 0.470833 0.434375 0.004167 0.003125
0 0.501042 0.432031 0.002083 0.004687
0 0.458333 0.432031 0.004167 0.004687
0 0.414583 0.417187 0.004167 0.009375
0 0.404167 0.416406 0.004167 0.010937
0 0.452083 0.409375 0.016667 0.012500
0 0.483333 0.386719 0.004167 0.007812
0 0.554167 0.394531 0.008333 0.026562
0 0.513542 0.376563 0.006250 0.006250
0 0.443750 0.390625 0.062500 0.037500
0 0.415625 0.374219 0.006250 0.007812
0 0.380208 0.376563 0.047917 0.037500
0 0.526042 0.358594 0.002083 0.007812
0 0.414583 0.354687 0.004167 0.006250
0 0.314583 0.371875 0.041667 0.040625
0 0.387500 0.347656 0.004167 0.001563
0 0.402083 0.346875 0.004167 0.003125
0 0.265625 0.348438 0.010417 0.021875
0 0.387500 0.339844 0.004167 0.007812
0 0.287500 0.340625 0.004167 0.009375
0 0.277083 0.335156 0.004167 0.007812
0 0.265625 0.324219 0.002083 0.014063
0 0.404167 0.637500 0.445833 0.721875
0 0.595833 0.838281 0.004167 0.004687
0 0.453125 0.621094 0.447917 0.754687
