0 0.318750 0.848437 0.004167 0.003125
0 0.309375 0.847656 0.002083 0.001563
0 0.306250 0.837500 0.012500 0.009375
0 0.292708 0.832812 0.002083 0.003125
0 0.393750 0.868750 0.162500 0.103125
0 0.576042 0.771094 0.077083 0.114062
0 0.539583 0.689063 0.012500 0.009375
0 0.430208 0.603125 0.422917 0.743750
0 0.814583 0.280469 0.358333 0.495312
0 0.221875 0.955469 0.002083 0.007812
0 0.567708 0.807031 0.052083 0.039062
0 0.554167 0.778906 0.016667 0.010937
0 0.577083 0.756250 0.029167 0.025000
0 0.582292 0.642188 0.006250 0.009375
0 0.578125 0.617969 0.035417 0.032813
0 0.567708 0.588281 0.002083 0.001563
0 0.580208 0.529687 0.010417 0.012500
0 0.270833 0.513281 0.008333 0.004687
0 0.281250 0.464844 0.012500 0.017188
0 0.248958 0.686719 0.064583 0.485938
0 0.255208 0.436719 0.002083 0.004687
0 0.589583 0.337500 0.016667 0.012500
0 0.296875 0.293750 0.002083 0.003125
0 0.451042 0.510938 0.393750 0.568750
