0 0.585417 0.325781 0.366667 0.651563
0 0.397917 0.587500 0.004167 0.025000
0 0.405208 0.284375 0.002083 0.046875
0 0.405208 0.241406 0.002083 0.020313
0 0.758333 0.337500 0.112500 0.675000
0 0.606250 0.000781 0.012500 0.001563
0 0.570833 0.000781 0.029167 0.001563
0 0.519792 0.001563 0.031250 0.003125
0 0.441667 0.111719 0.070833 0.223438
0 0.798958 0.596094 0.006250 0.004687
0 0.815625 0.596094 0.014583 0.010937
0 0.809375 0.585156 0.010417 0.004687
0 0.820833 0.556250 0.008333 0.009375
0 0.776042 0.542969 0.002083 0.001563
0 0.765625 0.542188 0.006250 0.006250
0 0.832292 0.497656 0.010417 0.014063
0 0.827083 0.458594 0.029167 0.026562
0 0.805208 0.442969 0.002083 0.004687
0 0.822917 0.419531 0.037500 0.017188
0 0.844792 0.400000 0.006250 0.012500
0 0.848958 0.360938 0.002083 0.003125
0 0.833333 0.346875 0.008333 0.006250
0 0.848958 0.342969 0.010417 0.017188
0 0.386458 0.476562 0.035417 0.312500
0 0.392708 0.310156 0.002083 0.001563
0 0.391667 0.291406 0.004167 0.001563
0 0.853125 0.289844 0.031250 0.048438
0 0.826042 0.251563 0.031250 0.028125
0 0.396875 0.267969 0.018750 0.067187
0 0.853125 0.215625 0.002083 0.006250
0 0.397917 0.168750 0.020833 0.075000
0 0.806250 0.337500 0.208333 0.675000
0 0.607292 0.000781 0.010417 0.001563
0 0.518750 0.000781 0.029167 0.001563
0 0.440625 0.060156 0.110417 0.120313
