0 0.565625 0.571094 0.343750 0.854688
0 0.836458 0.524219 0.322917 0.714063
0 0.390625 0.963281 0.006250 0.004687
0 0.673958 0.853125 0.002083 0.006250
0 0.425000 0.833594 0.004167 0.001563
0 0.686458 0.791406 0.002083 0.001563
0 0.671875 0.793750 0.006250 0.012500
0 0.686458 0.783594 0.002083 0.007812
0 0.684375 0.746875 0.006250 0.015625
0 0.676042 0.717969 0.002083 0.004687
0 0.683333 0.717969 0.004167 0.007812
0 0.684375 0.693750 0.002083 0.003125
0 0.693750 0.626563 0.016667 0.040625
0 0.711458 0.549219 0.002083 0.001563
0 0.417708 0.698438 0.060417 0.503125
0 0.732292 0.351562 0.010417 0.009375
0 0.704167 0.453906 0.050000 0.295312
0 0.723958 0.305469 0.002083 0.001563
0 0.722917 0.296094 0.008333 0.010937
0 0.457292 0.249219 0.002083 0.004687
0 0.578125 0.288281 0.314583 0.304688
