0 0.040625 0.614844 0.081250 0.748437
0 0.087500 0.661719 0.129167 0.673438
0 0.463542 0.398438 0.002083 0.003125
0 0.244792 0.389062 0.006250 0.003125
0 0.396875 0.388281 0.006250 0.004687
0 0.302083 0.381250 0.004167 0.009375
0 0.317708 0.367188 0.006250 0.003125
0 0.235417 0.367188 0.004167 0.003125
0 0.443750 0.365625 0.004167 0.003125
0 0.522917 0.365625 0.004167 0.006250
0 0.461458 0.364844 0.018750 0.004687
0 0.293750 0.363281 0.004167 0.001563
0 0.276042 0.376563 0.022917 0.028125
0 0.505208 0.362500 0.002083 0.003125
0 0.383333 0.368750 0.012500 0.015625
0 0.356250 0.361719 0.008333 0.001563
0 0.423958 0.347656 0.006250 0.001563
0 0.368750 0.348438 0.008333 0.003125
0 0.514583 0.350000 0.012500 0.009375
0 0.355208 0.348438 0.006250 0.006250
0 0.257292 0.349219 0.002083 0.007812
0 0.408333 0.344531 0.004167 0.001563
0 0.376042 0.669531 0.514583 0.657813
0 0.528125 0.339844 0.002083 0.004687
0 0.519792 0.336719 0.010417 0.004687
0 0.394792 0.337500 0.010417 0.006250
0 0.233333 0.339844 0.008333 0.010937
0 0.593750 0.335156 0.004167 0.004687
0 0.372917 0.334375 0.004167 0.003125
0 0.489583 0.334375 0.016667 0.009375
0 0.312500 0.335938 0.008333 0.015625
0 0.622917 0.332813 0.012500 0.012500
0 0.313542 0.324219 0.002083 0.001563
0 0.207292 0.324219 0.002083 0.001563
0 0.451042 0.330469 0.010417 0.017188
0 0.417708 0.328906 0.010417 0.014063
0 0.260417 0.322656 0.008333 0.004687
0 0.618750 0.319531 0.004167 0.004687
0 0.354167 0.325781 0.020833 0.017188
0 0.244792 0.321875 0.014583 0.021875
