0 0.259375 0.603125 0.002083 0.003125
0 0.198958 0.474219 0.018750 0.014063
0 0.234375 0.431250 0.006250 0.003125
0 0.202083 0.432031 0.004167 0.007812
0 0.236458 0.421094 0.002083 0.001563
0 0.203125 0.421094 0.056250 0.101562
0 0.319792 0.620313 0.306250 0.715625
0 0.169792 0.875000 0.010417 0.034375
0 0.167708 0.842969 0.002083 0.010937
0 0.171875 0.786719 0.010417 0.067187
0 0.167708 0.721875 0.002083 0.003125
0 0.176042 0.610156 0.014583 0.048438
0 0.177083 0.534375 0.016667 0.090625
0 0.178125 0.459375 0.014583 0.046875
0 0.177083 0.347656 0.012500 0.060937
0 0.169792 0.297656 0.002083 0.004687
0 0.194792 0.279687 0.052083 0.012500
0 0.261458 0.275000 0.072917 0.015625
0 0.416667 0.610938 0.191667 0.721875
