0 0.065625 0.878125 0.002083 0.003125
0 0.064583 0.868750 0.004167 0.009375
0 0.225000 0.509375 0.450000 0.815625
0 0.933333 0.558594 0.129167 0.626563
0 0.028125 0.513281 0.056250 0.789062
0 0.933333 0.674219 0.129167 0.395313
0 0.136458 0.913281 0.002083 0.001563
0 0.133333 0.902344 0.016667 0.007812
0 0.215625 0.902344 0.006250 0.010937
0 0.190625 0.899219 0.006250 0.004687
0 0.268750 0.900781 0.008333 0.010937
0 0.243750 0.900781 0.020833 0.017188
0 0.348958 0.892188 0.010417 0.006250
0 0.313542 0.895312 0.043750 0.015625
0 0.366667 0.891406 0.016667 0.010937
0 0.226042 0.507031 0.452083 0.817187
