0 0.783333 0.637500 0.004167 0.003125
0 0.417708 0.539062 0.777083 0.918750
0 0.679167 0.112500 0.004167 0.009375
0 0.398958 0.094531 0.010417 0.001563
0 0.790625 0.095312 0.006250 0.009375
0 0.735417 0.095312 0.033333 0.015625
0 0.818750 0.083594 0.004167 0.004687
0 0.777083 0.070312 0.004167 0.006250
0 0.798958 0.060156 0.002083 0.001563
0 0.802083 0.053906 0.008333 0.001563
0 0.384375 0.053125 0.010417 0.009375
0 0.811458 0.040625 0.006250 0.006250
0 0.487500 0.042969 0.012500 0.010937
0 0.400000 0.040625 0.008333 0.006250
0 0.734375 0.035937 0.002083 0.009375
0 0.902083 0.512500 0.191667 0.971875
0 0.610417 0.025781 0.004167 0.010937
0 0.958333 0.008594 0.008333 0.007812
0 0.671875 0.010937 0.018750 0.012500
0 0.806250 0.004687 0.016667 0.003125
0 0.756250 0.004687 0.004167 0.003125
0 0.737500 0.010937 0.016667 0.021875
0 0.036458 0.497656 0.072917 0.995313
