0 0.519792 0.974219 0.018750 0.010937
0 0.513542 0.962500 0.002083 0.003125
0 0.536458 0.928125 0.002083 0.003125
0 0.531250 0.919531 0.008333 0.007812
0 0.547917 0.946875 0.033333 0.096875
0 0.555208 0.888281 0.002083 0.010937
0 0.541667 0.880469 0.004167 0.017188
0 0.541667 0.857031 0.033333 0.017188
0 0.501042 0.848437 0.002083 0.006250
0 0.547917 0.839844 0.012500 0.007812
0 0.509375 0.797656 0.002083 0.004687
0 0.540625 0.804688 0.031250 0.034375
0 0.521875 0.775781 0.002083 0.001563
0 0.535417 0.774219 0.016667 0.014063
0 0.498958 0.761719 0.002083 0.001563
0 0.517708 0.695312 0.010417 0.009375
0 0.504167 0.688281 0.029167 0.032813
0 0.539583 0.660156 0.008333 0.023438
0 0.495833 0.568750 0.004167 0.003125
0 0.500000 0.449219 0.004167 0.004687
0 0.481250 0.452344 0.012500 0.020313
0 0.495833 0.430469 0.012500 0.001563
0 0.479167 0.428906 0.004167 0.007812
0 0.307292 0.674219 0.447917 0.648438
0 0.489583 0.719531 0.025000 0.010937
0 0.598958 0.643750 0.327083 0.709375
