0 0.651042 0.653906 0.081250 0.689063
0 0.638542 0.992969 0.002083 0.001563
0 0.651042 0.987500 0.027083 0.021875
0 0.646875 0.963281 0.002083 0.001563
0 0.642708 0.926562 0.039583 0.084375
0 0.643750 0.866406 0.029167 0.057813
0 0.639583 0.827344 0.008333 0.007812
0 0.653125 0.815625 0.006250 0.012500
0 0.636458 0.762500 0.002083 0.006250
0 0.653125 0.767969 0.006250 0.023438
0 0.682292 0.726562 0.002083 0.003125
0 0.634375 0.704688 0.010417 0.012500
0 0.658333 0.658594 0.008333 0.017188
0 0.665625 0.614062 0.018750 0.059375
0 0.661458 0.562500 0.010417 0.031250
0 0.671875 0.521094 0.002083 0.001563
0 0.244792 0.525000 0.010417 0.012500
0 0.663542 0.502344 0.006250 0.023438
0 0.662500 0.476562 0.004167 0.009375
0 0.240625 0.423438 0.002083 0.003125
0 0.250000 0.425781 0.008333 0.017188
0 0.667708 0.413281 0.006250 0.014063
0 0.671875 0.388281 0.014583 0.026562
0 0.528125 0.368750 0.006250 0.006250
0 0.676042 0.367188 0.010417 0.006250
0 0.670833 0.340625 0.004167 0.009375
0 0.470833 0.332813 0.004167 0.003125
0 0.673958 0.323437 0.010417 0.009375
0 0.517708 0.301563 0.002083 0.003125
0 0.635417 0.290625 0.016667 0.012500
0 0.435417 0.628906 0.575000 0.739062
