0 0.812500 0.530469 0.262500 0.642188
0 0.442708 0.429688 0.197917 0.412500
0 0.666667 0.650781 0.004167 0.001563
0 0.675000 0.630469 0.004167 0.029687
0 0.685417 0.574219 0.012500 0.048438
0 0.696875 0.533594 0.002083 0.001563
0 0.694792 0.505469 0.014583 0.020313
0 0.521875 0.546094 0.014583 0.142187
0 0.709375 0.424219 0.002083 0.007812
0 0.709375 0.393750 0.002083 0.003125
0 0.529167 0.390625 0.025000 0.159375
0 0.540625 0.304688 0.002083 0.006250
0 0.704167 0.382812 0.029167 0.187500
0 0.620833 0.231250 0.204167 0.068750
