0 0.485417 0.903125 0.004167 0.003125
0 0.425000 0.841406 0.012500 0.007812
0 0.447917 0.842187 0.016667 0.015625
0 0.546875 0.609375 0.518750 0.778125
0 0.394792 0.971875 0.018750 0.003125
0 0.664583 0.850000 0.008333 0.012500
0 0.295833 0.635156 0.008333 0.026562
0 0.302083 0.600000 0.012500 0.012500
0 0.303125 0.573438 0.018750 0.031250
0 0.305208 0.500000 0.002083 0.003125
0 0.302083 0.429688 0.012500 0.040625
0 0.303125 0.394531 0.006250 0.001563
0 0.302083 0.373437 0.008333 0.006250
0 0.302083 0.352344 0.004167 0.001563
0 0.556250 0.599219 0.516667 0.776563
