0 0.484375 0.920312 0.006250 0.009375
0 0.498958 0.918750 0.010417 0.025000
0 0.488542 0.903125 0.010417 0.006250
0 0.466667 0.906250 0.020833 0.018750
0 0.485417 0.879687 0.004167 0.018750
0 0.486458 0.866406 0.002083 0.001563
0 0.496875 0.873437 0.010417 0.018750
0 0.498958 0.852344 0.002083 0.004687
0 0.461458 0.864062 0.022917 0.031250
0 0.501042 0.835938 0.006250 0.012500
0 0.457292 0.825000 0.002083 0.012500
0 0.497917 0.805469 0.004167 0.007812
0 0.444792 0.781250 0.002083 0.003125
0 0.480208 0.790625 0.027083 0.034375
0 0.495833 0.772656 0.004167 0.004687
0 0.498958 0.750000 0.010417 0.018750
0 0.496875 0.728906 0.006250 0.004687
0 0.471875 0.719531 0.002083 0.004687
0 0.458333 0.692969 0.004167 0.004687
0 0.455208 0.671094 0.002083 0.001563
0 0.483333 0.642969 0.008333 0.032813
0 0.498958 0.630469 0.010417 0.014063
0 0.480208 0.621875 0.002083 0.003125
0 0.486458 0.610938 0.002083 0.003125
0 0.471875 0.617969 0.018750 0.017188
0 0.500000 0.611719 0.012500 0.017188
0 0.463542 0.532813 0.018750 0.021875
0 0.501042 0.478906 0.002083 0.001563
0 0.502083 0.471875 0.004167 0.006250
0 0.472917 0.444531 0.004167 0.004687
0 0.455208 0.435156 0.014583 0.029687
0 0.438542 0.407031 0.002083 0.004687
0 0.438542 0.351562 0.014583 0.018750
0 0.242708 0.639844 0.406250 0.717187
