0 0.938542 0.811719 0.002083 0.007812
0 0.928125 0.808594 0.002083 0.001563
0 0.898958 0.747656 0.006250 0.001563
0 0.869792 0.738281 0.002083 0.007812
0 0.965625 0.725781 0.006250 0.004687
0 0.863542 0.714063 0.010417 0.006250
0 0.876042 0.257812 0.002083 0.006250
0 0.864583 0.257031 0.012500 0.004687
0 0.888542 0.242969 0.002083 0.004687
0 0.866667 0.235156 0.004167 0.004687
0 0.875000 0.614844 0.245833 0.767188
0 0.903125 0.231250 0.027083 0.028125
0 0.903125 0.750000 0.189583 0.165625
0 0.898958 0.565625 0.197917 0.171875
0 0.897917 0.371094 0.195833 0.176563
0 0.900000 0.234375 0.195833 0.121875
0 0.186458 0.567187 0.318750 0.862500
