0 0.432292 0.598437 0.089583 0.631250
0 0.678125 0.983594 0.002083 0.004687
0 0.517708 0.978906 0.027083 0.017188
0 0.594792 0.971094 0.002083 0.004687
0 0.473958 0.969531 0.002083 0.001563
0 0.485417 0.943750 0.008333 0.009375
0 0.370833 0.938281 0.004167 0.001563
0 0.407292 0.931250 0.002083 0.003125
0 0.394792 0.924219 0.002083 0.001563
0 0.403125 0.927344 0.006250 0.010937
0 0.391667 0.917188 0.012500 0.006250
0 0.435417 0.932813 0.070833 0.068750
0 0.597917 0.592969 0.583333 0.810937
0 0.705208 0.873437 0.006250 0.006250
0 0.708333 0.854688 0.008333 0.021875
0 0.709375 0.833594 0.002083 0.001563
0 0.713542 0.810937 0.010417 0.037500
0 0.719792 0.752344 0.006250 0.014063
0 0.732292 0.650000 0.027083 0.184375
0 0.586458 0.585938 0.397917 0.656250
