0 0.508333 0.710938 0.008333 0.009375
0 0.501042 0.544531 0.164583 0.907813
0 0.458333 0.434375 0.004167 0.034375
0 0.459375 0.410938 0.002083 0.003125
0 0.469792 0.349219 0.006250 0.010937
0 0.471875 0.325000 0.002083 0.003125
0 0.617708 0.307031 0.002083 0.001563
0 0.472917 0.300781 0.004167 0.026562
0 0.479167 0.266406 0.004167 0.010937
0 0.775000 0.587500 0.395833 0.821875
0 0.493750 0.206250 0.029167 0.065625
0 0.542708 0.560156 0.002083 0.001563
0 0.734375 0.535937 0.035417 0.153125
0 0.740625 0.406250 0.002083 0.003125
0 0.558333 0.435156 0.016667 0.101562
0 0.670833 0.378906 0.220833 0.154688
