0 0.570833 0.982031 0.012500 0.010937
0 0.131250 0.974219 0.004167 0.004687
0 0.140625 0.962500 0.039583 0.012500
0 0.287500 0.953125 0.041667 0.062500
0 0.165625 0.922656 0.010417 0.007812
0 0.658333 0.887500 0.004167 0.003125
0 0.190625 0.878906 0.002083 0.004687
0 0.214583 0.933594 0.141667 0.120313
0 0.206250 0.879687 0.012500 0.028125
0 0.250000 0.857031 0.012500 0.004687
0 0.191667 0.857812 0.004167 0.006250
0 0.507292 0.856250 0.002083 0.006250
0 0.136458 0.862500 0.010417 0.018750
0 0.516667 0.842187 0.008333 0.003125
0 0.161458 0.831250 0.010417 0.006250
0 0.534375 0.813281 0.002083 0.004687
0 0.137500 0.809375 0.004167 0.009375
0 0.564583 0.899219 0.212500 0.198437
0 0.136458 0.800000 0.002083 0.003125
0 0.632292 0.812500 0.039583 0.031250
0 0.588542 0.788281 0.002083 0.001563
0 0.493750 0.808594 0.066667 0.051562
0 0.180208 0.785937 0.010417 0.006250
0 0.135417 0.788281 0.004167 0.010937
0 0.483333 0.772656 0.008333 0.001563
0 0.471875 0.775000 0.002083 0.006250
0 0.578125 0.778125 0.006250 0.018750
0 0.546875 0.763281 0.006250 0.004687
0 0.646875 0.767188 0.022917 0.015625
0 0.198958 0.770312 0.022917 0.021875
0 0.668750 0.761719 0.004167 0.007812
0 0.606250 0.757031 0.008333 0.004687
0 0.466667 0.756250 0.004167 0.003125
0 0.558333 0.747656 0.004167 0.001563
0 0.618750 0.738281 0.008333 0.010937
0 0.591667 0.742188 0.012500 0.018750
0 0.518750 0.730469 0.004167 0.001563
0 0.643750 0.738281 0.029167 0.020313
0 0.570833 0.749219 0.037500 0.042188
0 0.552083 0.734375 0.025000 0.015625
0 0.489583 0.728906 0.029167 0.020313
0 0.587500 0.716406 0.004167 0.001563
0 0.588542 0.708594 0.002083 0.004687
0 0.565625 0.714844 0.022917 0.020313
0 0.625000 0.702344 0.004167 0.001563
0 0.610417 0.702344 0.004167 0.001563
0 0.547917 0.698438 0.012500 0.012500
0 0.564583 0.690625 0.012500 0.003125
0 0.536458 0.681250 0.002083 0.003125
0 0.497917 0.678125 0.008333 0.009375
0 0.197917 0.682031 0.025000 0.017188
0 0.171875 0.672656 0.006250 0.004687
0 0.207292 0.667969 0.002083 0.001563
0 0.641667 0.665625 0.004167 0.003125
0 0.116667 0.664844 0.004167 0.001563
0 0.615625 0.658594 0.002083 0.004687
0 0.575000 0.646875 0.008333 0.003125
0 0.600000 0.646094 0.008333 0.004687
0 0.605208 0.637500 0.010417 0.006250
0 0.643750 0.628906 0.004167 0.007812
0 0.587500 0.628125 0.012500 0.012500
0 0.552083 0.627344 0.012500 0.014063
0 0.628125 0.618750 0.002083 0.003125
0 0.495833 0.635938 0.050000 0.037500
0 0.598958 0.617969 0.010417 0.004687
0 0.248958 0.610938 0.002083 0.003125
0 0.658333 0.610156 0.004167 0.007812
0 0.519792 0.603906 0.002083 0.001563
0 0.475000 0.609375 0.008333 0.012500
0 0.472917 0.589844 0.008333 0.007812
0 0.561458 0.586719 0.006250 0.010937
0 0.586458 0.568750 0.002083 0.003125
0 0.578125 0.563281 0.002083 0.001563
0 0.613542 0.572656 0.014583 0.026562
0 0.623958 0.553125 0.002083 0.003125
0 0.518750 0.576562 0.050000 0.053125
0 0.589583 0.542188 0.004167 0.009375
0 0.555208 0.539062 0.018750 0.009375
0 0.515625 0.539844 0.006250 0.010937
0 0.547917 0.512500 0.004167 0.003125
0 0.602083 0.507031 0.004167 0.001563
0 0.526042 0.511719 0.018750 0.010937
0 0.485417 0.496875 0.025000 0.015625
0 0.588542 0.480469 0.002083 0.001563
0 0.576042 0.482031 0.006250 0.007812
0 0.487500 0.480469 0.012500 0.004687
0 0.622917 0.481250 0.012500 0.009375
0 0.498958 0.470313 0.002083 0.003125
0 0.616667 0.467187 0.008333 0.006250
0 0.641667 0.468750 0.012500 0.012500
0 0.538542 0.464062 0.006250 0.003125
0 0.620833 0.451562 0.004167 0.003125
0 0.496875 0.450781 0.010417 0.004687
0 0.539583 0.447656 0.008333 0.010937
0 0.580208 0.450000 0.014583 0.018750
0 0.630208 0.435156 0.002083 0.007812
0 0.642708 0.427344 0.002083 0.004687
0 0.615625 0.425000 0.006250 0.003125
0 0.573958 0.409375 0.010417 0.006250
0 0.493750 0.396875 0.004167 0.009375
0 0.513542 0.389062 0.002083 0.009375
0 0.561458 0.383594 0.018750 0.004687
0 0.592708 0.381250 0.002083 0.003125
0 0.635417 0.374219 0.012500 0.007812
0 0.616667 0.371875 0.004167 0.009375
0 0.489583 0.378125 0.025000 0.021875
0 0.538542 0.372656 0.027083 0.035937
0 0.566667 0.357812 0.016667 0.009375
0 0.520833 0.337500 0.008333 0.012500
0 0.546875 0.316406 0.006250 0.004687
0 0.565625 0.296875 0.010417 0.015625
0 0.647917 0.287500 0.008333 0.003125
0 0.626042 0.285938 0.014583 0.003125
0 0.640625 0.267969 0.010417 0.010937
0 0.602083 0.260937 0.008333 0.012500
0 0.278125 0.242969 0.006250 0.001563
0 0.137500 0.240625 0.004167 0.006250
0 0.641667 0.224219 0.004167 0.007812
0 0.322917 0.219531 0.012500 0.007812
0 0.537500 0.229687 0.016667 0.031250
0 0.165625 0.213281 0.002083 0.001563
0 0.177083 0.214062 0.020833 0.015625
0 0.205208 0.207031 0.006250 0.004687
0 0.527083 0.202344 0.004167 0.001563
0 0.439583 0.193750 0.004167 0.003125
0 0.605208 0.192969 0.006250 0.004687
0 0.222917 0.196094 0.004167 0.010937
0 0.655208 0.188281 0.010417 0.014063
0 0.411458 0.525781 0.822917 0.939063
0 0.771875 0.053906 0.002083 0.001563
0 0.465625 0.971094 0.002083 0.001563
0 0.461458 0.934375 0.006250 0.009375
0 0.719792 0.727344 0.006250 0.026562
0 0.732292 0.375000 0.006250 0.006250
0 0.461458 0.332813 0.006250 0.003125
0 0.393750 0.564063 0.587500 0.868750
0 0.464583 0.975781 0.008333 0.010937
0 0.753125 0.857812 0.056250 0.034375
0 0.694792 0.837500 0.031250 0.056250
0 0.700000 0.749219 0.004167 0.001563
0 0.680208 0.742188 0.002083 0.003125
0 0.698958 0.377344 0.022917 0.014063
0 0.700000 0.357812 0.020833 0.012500
0 0.111458 0.074219 0.018750 0.004687
0 0.137500 0.071875 0.004167 0.003125
0 0.282292 0.067187 0.010417 0.003125
0 0.415625 0.500781 0.831250 0.995313
