0 0.054167 0.797656 0.004167 0.010937
0 0.035417 0.775000 0.016667 0.018750
0 0.091667 0.763281 0.004167 0.007812
0 0.002083 0.744531 0.004167 0.014063
0 0.054167 0.736719 0.008333 0.007812
0 0.090625 0.721875 0.002083 0.009375
0 0.018750 0.713281 0.008333 0.010937
0 0.110417 0.706250 0.004167 0.009375
0 0.076042 0.714063 0.018750 0.025000
0 0.045833 0.629687 0.016667 0.021875
0 0.013542 0.607812 0.002083 0.015625
0 0.030208 0.557031 0.014583 0.014063
0 0.076042 0.542188 0.002083 0.003125
0 0.069792 0.525000 0.018750 0.025000
0 0.096875 0.508594 0.006250 0.014063
0 0.009375 0.492188 0.002083 0.003125
0 0.081250 0.414844 0.004167 0.004687
0 0.067708 0.403906 0.002083 0.001563
0 0.052083 0.364844 0.012500 0.007812
0 0.100000 0.334375 0.008333 0.006250
0 0.114583 0.188281 0.004167 0.001563
0 0.102083 0.182812 0.008333 0.012500
0 0.105208 0.168750 0.006250 0.003125
0 0.266667 0.455469 0.379167 0.729688
0 0.363542 0.806250 0.039583 0.012500
0 0.086458 0.727344 0.068750 0.204687
0 0.433333 0.675000 0.037500 0.259375
0 0.109375 0.541406 0.002083 0.004687
0 0.441667 0.529687 0.025000 0.056250
0 0.454167 0.454688 0.025000 0.040625
0 0.452083 0.402344 0.020833 0.048438
0 0.445833 0.344531 0.016667 0.054688
0 0.239583 0.170313 0.479167 0.234375
