0 0.488542 0.614844 0.552083 0.767188
0 0.584375 0.991406 0.010417 0.004687
0 0.381250 0.990625 0.050000 0.009375
0 0.316667 0.985938 0.004167 0.015625
0 0.301042 0.975781 0.010417 0.007812
0 0.582292 0.971094 0.006250 0.020313
0 0.260417 0.945312 0.087500 0.106250
0 0.587500 0.906250 0.016667 0.103125
0 0.292708 0.864844 0.027083 0.035937
0 0.311458 0.811719 0.002083 0.014063
0 0.270833 0.805469 0.016667 0.004687
0 0.297917 0.812500 0.016667 0.021875
0 0.310417 0.770312 0.012500 0.015625
0 0.277083 0.748437 0.004167 0.006250
0 0.303125 0.715625 0.002083 0.003125
0 0.673958 0.708594 0.002083 0.004687
0 0.290625 0.711719 0.010417 0.014063
0 0.315625 0.652344 0.006250 0.004687
0 0.277083 0.631250 0.008333 0.025000
0 0.298958 0.619531 0.002083 0.004687
0 0.290625 0.622656 0.006250 0.020313
0 0.321875 0.600781 0.014583 0.023438
0 0.328125 0.584375 0.006250 0.003125
0 0.291667 0.556250 0.004167 0.006250
0 0.321875 0.565625 0.027083 0.028125
0 0.243750 0.702344 0.054167 0.410938
0 0.334375 0.502344 0.010417 0.014063
0 0.297917 0.485938 0.020833 0.006250
0 0.336458 0.443750 0.006250 0.003125
0 0.282292 0.416406 0.002083 0.001563
0 0.304167 0.414844 0.004167 0.004687
0 0.342708 0.411719 0.010417 0.026562
0 0.341667 0.356250 0.008333 0.003125
0 0.330208 0.357031 0.006250 0.004687
0 0.342708 0.320312 0.010417 0.006250
0 0.512500 0.612500 0.520833 0.771875
