0 0.030208 0.625781 0.002083 0.004687
0 0.084375 0.510156 0.168750 0.976562
0 0.758333 0.857812 0.004167 0.003125
0 0.771875 0.857812 0.006250 0.006250
0 0.531250 0.681250 0.479167 0.634375
0 0.764583 0.957031 0.016667 0.076563
0 0.766667 0.883594 0.012500 0.026562
0 0.288542 0.813281 0.031250 0.370312
0 0.302083 0.498437 0.020833 0.218750
0 0.600000 0.372656 0.016667 0.007812
0 0.496875 0.372656 0.010417 0.007812
0 0.363542 0.372656 0.014583 0.010937
0 0.328125 0.375781 0.043750 0.017188
0 0.592708 0.366406 0.002083 0.001563
0 0.576042 0.371094 0.018750 0.010937
0 0.541667 0.371094 0.016667 0.010937
0 0.523958 0.371094 0.010417 0.010937
0 0.637500 0.371094 0.045833 0.014063
0 0.441667 0.371094 0.095833 0.014063
0 0.738542 0.368750 0.014583 0.012500
0 0.691667 0.365625 0.037500 0.006250
0 0.542708 0.533594 0.485417 0.564063
