0 0.762500 0.533594 0.216667 0.529687
0 0.776042 0.510938 0.443750 0.687500
0 0.666667 0.733594 0.008333 0.007812
0 0.723958 0.695312 0.010417 0.015625
0 0.659375 0.698438 0.010417 0.059375
0 0.732292 0.666406 0.006250 0.004687
0 0.665625 0.639844 0.002083 0.004687
0 0.666667 0.625000 0.008333 0.018750
0 0.717708 0.616406 0.010417 0.017188
0 0.675000 0.582812 0.016667 0.031250
0 0.714583 0.542188 0.020833 0.018750
0 0.693750 0.528125 0.004167 0.006250
0 0.679167 0.524219 0.004167 0.004687
0 0.686458 0.460938 0.002083 0.003125
0 0.683333 0.448437 0.004167 0.009375
0 0.682292 0.422656 0.002083 0.004687
0 0.686458 0.394531 0.002083 0.004687
0 0.689583 0.377344 0.008333 0.014063
0 0.680208 0.332813 0.006250 0.006250
0 0.695833 0.320312 0.004167 0.006250
0 0.666667 0.277344 0.004167 0.004687
0 0.785417 0.538281 0.225000 0.542188
0 0.665625 0.259375 0.002083 0.003125
