0 0.336458 0.420312 0.302083 0.471875
0 0.412500 0.424219 0.154167 0.460938
0 0.242708 0.646875 0.006250 0.003125
0 0.454167 0.645312 0.004167 0.003125
0 0.410417 0.648438 0.016667 0.012500
0 0.390625 0.644531 0.002083 0.004687
0 0.415625 0.634375 0.002083 0.003125
0 0.454167 0.621094 0.004167 0.004687
0 0.390625 0.589063 0.002083 0.006250
0 0.190625 0.583594 0.002083 0.014063
0 0.432292 0.578125 0.010417 0.006250
0 0.401042 0.575781 0.006250 0.004687
0 0.361458 0.566406 0.002083 0.001563
0 0.189583 0.532031 0.004167 0.020313
0 0.189583 0.491406 0.004167 0.017188
0 0.342708 0.553125 0.039583 0.203125
0 0.190625 0.449219 0.006250 0.045312
0 0.336458 0.422656 0.022917 0.035937
0 0.188542 0.407813 0.002083 0.009375
0 0.387500 0.396875 0.012500 0.003125
0 0.190625 0.364063 0.010417 0.025000
0 0.461458 0.344531 0.002083 0.007812
0 0.406250 0.337500 0.008333 0.009375
0 0.432292 0.328125 0.010417 0.009375
0 0.189583 0.335156 0.008333 0.023438
0 0.467708 0.318750 0.002083 0.003125
0 0.186458 0.294531 0.002083 0.007812
0 0.388542 0.289062 0.002083 0.003125
0 0.406250 0.282031 0.004167 0.004687
0 0.431250 0.271875 0.012500 0.006250
0 0.334375 0.320312 0.014583 0.115625
0 0.416667 0.262500 0.008333 0.018750
0 0.464583 0.258594 0.012500 0.014063
0 0.354167 0.236719 0.004167 0.004687
0 0.417708 0.232031 0.006250 0.014063
0 0.394792 0.230469 0.027083 0.029687
0 0.338542 0.416406 0.310417 0.470313
