0 0.253125 0.564844 0.243750 0.867188
0 0.844792 0.986719 0.006250 0.023438
0 0.358333 0.985938 0.008333 0.021875
0 0.360417 0.943750 0.008333 0.056250
0 0.361458 0.867969 0.006250 0.076563
0 0.442708 0.775781 0.002083 0.001563
0 0.367708 0.750000 0.010417 0.075000
0 0.371875 0.705469 0.006250 0.007812
0 0.372917 0.665625 0.012500 0.046875
0 0.395833 0.536719 0.004167 0.010937
0 0.414583 0.528125 0.004167 0.003125
0 0.852083 0.742188 0.020833 0.450000
0 0.379167 0.543750 0.012500 0.081250
0 0.378125 0.458594 0.002083 0.010937
0 0.381250 0.383594 0.004167 0.023438
0 0.380208 0.350781 0.002083 0.010937
0 0.622917 0.299219 0.483333 0.076563
