0 0.923958 0.499219 0.147917 0.998437
0 0.094792 0.992969 0.002083 0.001563
0 0.053125 0.992969 0.002083 0.001563
0 0.095833 0.988281 0.004167 0.004687
0 0.097917 0.975000 0.008333 0.012500
0 0.128125 0.953906 0.014583 0.007812
0 0.028125 0.936719 0.002083 0.001563
0 0.012500 0.933594 0.016667 0.017188
0 0.036458 0.915625 0.014583 0.015625
0 0.065625 0.946094 0.122917 0.095312
0 0.131250 0.901563 0.004167 0.009375
0 0.114583 0.499219 0.229167 0.998437
0 0.038542 0.646094 0.002083 0.001563
0 0.034375 0.565625 0.002083 0.003125
0 0.027083 0.557031 0.004167 0.004687
0 0.014583 0.561719 0.004167 0.014063
0 0.011458 0.147656 0.006250 0.001563
0 0.233333 0.010937 0.004167 0.009375
0 0.401042 0.006250 0.002083 0.003125
0 0.810417 0.499219 0.062500 0.998437
0 0.114583 0.499219 0.229167 0.998437
