0 0.669792 0.993750 0.010417 0.003125
0 0.620833 0.935156 0.004167 0.007812
0 0.833333 0.930469 0.012500 0.010937
0 0.753125 0.882031 0.022917 0.032813
0 0.707292 0.853125 0.002083 0.003125
0 0.965625 0.842187 0.047917 0.018750
0 0.981250 0.825781 0.004167 0.004687
0 0.953125 0.826562 0.006250 0.006250
0 0.942708 0.812500 0.006250 0.003125
0 0.946875 0.805469 0.006250 0.004687
0 0.936458 0.805469 0.002083 0.004687
0 0.712500 0.817187 0.029167 0.031250
0 0.981250 0.807031 0.012500 0.014063
0 0.923958 0.775781 0.002083 0.001563
0 0.914583 0.767969 0.004167 0.007812
0 0.720833 0.763281 0.004167 0.004687
0 0.807292 0.559375 0.381250 0.878125
0 0.181250 0.550000 0.262500 0.828125
0 0.502083 0.901563 0.016667 0.046875
0 0.518750 0.771875 0.033333 0.196875
0 0.266667 0.719531 0.029167 0.110937
0 0.542708 0.603125 0.002083 0.003125
0 0.554167 0.539844 0.004167 0.017188
0 0.555208 0.518750 0.002083 0.006250
0 0.562500 0.492969 0.004167 0.007812
0 0.567708 0.437500 0.014583 0.034375
0 0.570833 0.381250 0.012500 0.062500
0 0.437500 0.253906 0.316667 0.135937
