0 0.632292 0.928906 0.002083 0.001563
0 0.666667 0.911719 0.033333 0.026562
0 0.680208 0.845313 0.014583 0.009375
0 0.661458 0.839063 0.010417 0.006250
0 0.705208 0.832812 0.006250 0.003125
0 0.676042 0.764062 0.002083 0.003125
0 0.677083 0.757031 0.004167 0.004687
0 0.697917 0.771875 0.029167 0.053125
0 0.708333 0.706250 0.012500 0.006250
0 0.717708 0.689844 0.002083 0.007812
0 0.718750 0.664844 0.008333 0.004687
0 0.690625 0.652344 0.006250 0.007812
0 0.721875 0.625781 0.002083 0.004687
0 0.690625 0.625000 0.002083 0.006250
0 0.691667 0.596094 0.008333 0.004687
0 0.721875 0.585156 0.002083 0.001563
0 0.698958 0.551562 0.006250 0.009375
0 0.700000 0.521875 0.004167 0.012500
0 0.702083 0.497656 0.008333 0.017188
0 0.642708 0.610938 0.243750 0.775000
