0 0.345833 0.286719 0.129167 0.273438
0 0.528125 0.412500 0.381250 0.775000
0 0.350000 0.279687 0.145833 0.275000
0 0.420833 0.132031 0.004167 0.004687
0 0.357292 0.725781 0.047917 0.148438
0 0.375000 0.617969 0.016667 0.026562
0 0.398958 0.610938 0.022917 0.018750
0 0.585417 0.685156 0.050000 0.229687
0 0.378125 0.574219 0.010417 0.026562
0 0.409375 0.474219 0.064583 0.151562
0 0.425000 0.355469 0.041667 0.051562
0 0.414583 0.318750 0.008333 0.006250
0 0.433333 0.294531 0.008333 0.007812
0 0.434375 0.203125 0.027083 0.043750
0 0.444792 0.094531 0.018750 0.010937
0 0.457292 0.055469 0.010417 0.004687
0 0.669792 0.298438 0.118750 0.525000
0 0.576042 0.032031 0.018750 0.004687
0 0.523958 0.028906 0.006250 0.001563
0 0.505208 0.026562 0.002083 0.003125
