0 0.232292 0.892969 0.006250 0.017188
0 0.237500 0.817187 0.004167 0.003125
0 0.239583 0.810156 0.008333 0.001563
0 0.246875 0.763281 0.002083 0.001563
0 0.247917 0.746875 0.004167 0.012500
0 0.210417 0.499219 0.229167 0.998437
0 0.654167 0.942969 0.029167 0.104688
0 0.667708 0.867188 0.010417 0.034375
0 0.679167 0.816406 0.020833 0.045312
0 0.679167 0.782031 0.004167 0.014063
0 0.686458 0.752344 0.002083 0.004687
0 0.694792 0.744531 0.002083 0.001563
0 0.696875 0.732031 0.002083 0.004687
0 0.589583 0.371875 0.379167 0.490625
0 0.358333 0.125000 0.066667 0.012500
