0 0.193750 0.462500 0.004167 0.003125
0 0.201042 0.425781 0.002083 0.010937
0 0.178125 0.425781 0.010417 0.010937
0 0.317708 0.416406 0.002083 0.001563
0 0.194792 0.403906 0.002083 0.001563
0 0.210417 0.395313 0.004167 0.003125
0 0.190625 0.382031 0.002083 0.001563
0 0.207292 0.374219 0.018750 0.010937
0 0.289583 0.361719 0.004167 0.001563
0 0.220833 0.361719 0.004167 0.001563
0 0.273958 0.360938 0.010417 0.003125
0 0.231250 0.341406 0.004167 0.001563
0 0.289583 0.336719 0.004167 0.007812
0 0.240625 0.335938 0.022917 0.006250
0 0.221875 0.333594 0.002083 0.001563
0 0.193750 0.333594 0.004167 0.001563
0 0.231250 0.327344 0.004167 0.001563
0 0.289583 0.324219 0.004167 0.001563
0 0.269792 0.646094 0.352083 0.704688
