0 0.440625 0.640625 0.481250 0.715625
0 0.135417 0.991406 0.004167 0.004687
0 0.136458 0.950000 0.006250 0.006250
0 0.136458 0.942187 0.006250 0.003125
0 0.162500 0.931250 0.004167 0.006250
0 0.146875 0.929688 0.002083 0.003125
0 0.177083 0.915625 0.004167 0.003125
0 0.147917 0.858594 0.004167 0.007812
0 0.139583 0.857812 0.004167 0.012500
0 0.173958 0.854688 0.002083 0.009375
0 0.150000 0.835938 0.008333 0.012500
0 0.140625 0.828906 0.002083 0.029687
0 0.147917 0.763281 0.008333 0.014063
0 0.192708 0.832031 0.031250 0.326562
0 0.209375 0.574219 0.022917 0.179688
0 0.187500 0.314063 0.004167 0.012500
0 0.437500 0.553906 0.525000 0.639062
