0 0.488542 0.568750 0.631250 0.859375
0 0.400000 0.980469 0.008333 0.029687
0 0.569792 0.966406 0.018750 0.060937
0 0.402083 0.923438 0.008333 0.034375
0 0.403125 0.892188 0.002083 0.003125
0 0.777083 0.846875 0.004167 0.006250
0 0.403125 0.851562 0.010417 0.025000
0 0.401042 0.827344 0.002083 0.001563
0 0.920833 0.840625 0.029167 0.037500
0 0.791667 0.820312 0.004167 0.006250
0 0.403125 0.793750 0.006250 0.037500
0 0.789583 0.768750 0.004167 0.009375
0 0.142708 0.864062 0.068750 0.262500
0 0.259375 0.006250 0.010417 0.003125
0 0.547917 0.499219 0.875000 0.992188
