0 0.735417 0.749219 0.004167 0.004687
0 0.446875 0.717187 0.002083 0.015625
0 0.762500 0.679688 0.004167 0.006250
0 0.789583 0.387500 0.004167 0.003125
0 0.382292 0.558594 0.706250 0.879687
0 0.443750 0.987500 0.012500 0.021875
0 0.694792 0.977344 0.002083 0.004687
0 0.442708 0.942969 0.002083 0.004687
0 0.805208 0.959375 0.089583 0.062500
0 0.710417 0.899219 0.037500 0.139063
0 0.736458 0.814063 0.006250 0.018750
0 0.706250 0.764062 0.008333 0.021875
0 0.713542 0.728125 0.022917 0.021875
0 0.707292 0.703906 0.002083 0.004687
0 0.750000 0.664062 0.012500 0.006250
0 0.748958 0.508594 0.002083 0.004687
0 0.735417 0.525781 0.037500 0.057813
0 0.730208 0.428906 0.014583 0.032813
0 0.760417 0.288281 0.054167 0.067187
0 0.747917 0.238281 0.008333 0.014063
0 0.792708 0.153125 0.014583 0.009375
0 0.563542 0.104688 0.002083 0.003125
0 0.040625 0.030469 0.006250 0.004687
0 0.459375 0.498437 0.918750 0.996875
