0 0.632292 0.634375 0.272917 0.728125
0 0.829167 0.707031 0.125000 0.476562
0 0.876042 0.345313 0.243750 0.237500
0 0.665625 0.958594 0.006250 0.010937
0 0.623958 0.931250 0.002083 0.003125
0 0.647917 0.925000 0.004167 0.003125
0 0.665625 0.914844 0.002083 0.001563
0 0.684375 0.901563 0.014583 0.018750
0 0.690625 0.867188 0.002083 0.003125
0 0.665625 0.847656 0.002083 0.004687
0 0.540625 0.762500 0.002083 0.003125
0 0.507292 0.803125 0.027083 0.390625
0 0.503125 0.578906 0.018750 0.039062
0 0.721875 0.545312 0.002083 0.003125
0 0.511458 0.506250 0.031250 0.062500
0 0.508333 0.401562 0.020833 0.131250
0 0.508333 0.311719 0.012500 0.007812
0 0.722917 0.624219 0.095833 0.664062
0 0.664583 0.293750 0.004167 0.003125
0 0.644792 0.292187 0.002083 0.003125
0 0.507292 0.290625 0.002083 0.003125
0 0.600000 0.282031 0.004167 0.001563
0 0.570833 0.277344 0.025000 0.004687
