0 0.863542 0.739062 0.252083 0.428125
0 0.626042 0.642969 0.010417 0.010937
0 0.637500 0.601562 0.025000 0.053125
0 0.651042 0.531250 0.006250 0.025000
0 0.655208 0.485156 0.010417 0.020313
0 0.636458 0.454688 0.002083 0.003125
0 0.380208 0.666406 0.522917 0.664062
0 0.605208 0.992188 0.002083 0.003125
0 0.590625 0.991406 0.010417 0.004687
0 0.575000 0.991406 0.004167 0.004687
0 0.583333 0.953125 0.008333 0.021875
0 0.581250 0.903906 0.004167 0.007812
0 0.622917 0.853125 0.004167 0.018750
0 0.623958 0.793750 0.014583 0.012500
0 0.641667 0.635156 0.008333 0.014063
0 0.648958 0.610938 0.002083 0.006250
0 0.635417 0.561719 0.041667 0.032813
0 0.654167 0.514062 0.012500 0.009375
0 0.644792 0.500781 0.002083 0.001563
0 0.634375 0.489063 0.027083 0.012500
0 0.362500 0.642188 0.633333 0.712500
0 0.771875 0.916406 0.002083 0.001563
0 0.863542 0.739062 0.256250 0.434375
