0 0.654167 0.328906 0.012500 0.010937
0 0.591667 0.328125 0.204167 0.656250
0 0.311458 0.250781 0.081250 0.470313
0 0.432292 0.267969 0.152083 0.526563
0 0.463542 0.521094 0.002083 0.010937
0 0.463542 0.493750 0.006250 0.025000
0 0.463542 0.476562 0.002083 0.003125
0 0.464583 0.458594 0.004167 0.017188
0 0.475000 0.406250 0.008333 0.028125
0 0.482292 0.356250 0.010417 0.018750
0 0.481250 0.298438 0.025000 0.053125
0 0.394792 0.192188 0.002083 0.006250
0 0.498958 0.201563 0.018750 0.115625
0 0.434375 0.242188 0.160417 0.484375
