0 0.567708 0.567187 0.531250 0.862500
0 0.296875 0.853125 0.002083 0.003125
0 0.301042 0.810937 0.010417 0.031250
0 0.307292 0.725781 0.014583 0.035937
0 0.306250 0.685156 0.012500 0.039062
0 0.316667 0.620313 0.025000 0.071875
0 0.307292 0.571875 0.002083 0.009375
0 0.776042 0.539062 0.006250 0.006250
0 0.343750 0.471094 0.012500 0.004687
0 0.316667 0.513281 0.020833 0.107813
0 0.808333 0.404687 0.004167 0.009375
0 0.320833 0.394531 0.012500 0.082812
0 0.318750 0.343750 0.004167 0.012500
0 0.320833 0.320312 0.004167 0.009375
0 0.838542 0.151562 0.006250 0.006250
0 0.784375 0.149219 0.089583 0.010937
0 0.709375 0.148438 0.039583 0.009375
0 0.586458 0.139844 0.006250 0.001563
