0 0.897917 0.867188 0.195833 0.262500
0 0.376042 0.651563 0.347917 0.628125
0 0.202083 0.912500 0.004167 0.031250
0 0.205208 0.831250 0.002083 0.003125
0 0.208333 0.794531 0.008333 0.054688
0 0.214583 0.724219 0.008333 0.067187
0 0.219792 0.674219 0.006250 0.023438
0 0.223958 0.650000 0.006250 0.015625
0 0.223958 0.628125 0.006250 0.012500
0 0.528125 0.786719 0.035417 0.370312
0 0.225000 0.582031 0.004167 0.020313
0 0.226042 0.560156 0.002083 0.010937
0 0.234375 0.412500 0.002083 0.009375
0 0.396875 0.442188 0.331250 0.221875
