0 0.901042 0.542188 0.006250 0.009375
0 0.898958 0.484375 0.002083 0.006250
0 0.896875 0.462500 0.006250 0.012500
0 0.897917 0.440625 0.004167 0.012500
0 0.882292 0.379688 0.002083 0.003125
0 0.884375 0.253125 0.002083 0.003125
0 0.582292 0.238281 0.002083 0.001563
0 0.809375 0.228906 0.014583 0.007812
0 0.833333 0.225781 0.004167 0.004687
0 0.681250 0.609375 0.437500 0.778125
0 0.886458 0.223438 0.014583 0.009375
0 0.471875 0.510156 0.002083 0.010937
0 0.470833 0.468750 0.008333 0.034375
0 0.471875 0.410156 0.014583 0.032813
0 0.682292 0.415625 0.452083 0.406250
0 0.488542 0.839844 0.018750 0.195312
0 0.479167 0.696875 0.004167 0.056250
0 0.682292 0.436719 0.452083 0.445312
