0 0.787500 0.992188 0.012500 0.012500
0 0.816667 0.894531 0.008333 0.004687
0 0.833333 0.850781 0.004167 0.023438
0 0.838542 0.832031 0.018750 0.007812
0 0.866667 0.817969 0.004167 0.004687
0 0.840625 0.812500 0.002083 0.003125
0 0.829167 0.790625 0.037500 0.021875
0 0.845833 0.743750 0.008333 0.018750
0 0.846875 0.589844 0.002083 0.010937
0 0.890625 0.780469 0.214583 0.435937
0 0.709375 0.775781 0.193750 0.445312
0 0.901042 0.528906 0.002083 0.001563
0 0.905208 0.509375 0.014583 0.012500
0 0.908333 0.494531 0.004167 0.004687
0 0.826042 0.428125 0.343750 0.112500
0 0.788542 0.680469 0.418750 0.635938
