0 0.233333 0.571094 0.262500 0.582812
0 0.360417 0.336719 0.008333 0.007812
0 0.358333 0.317188 0.008333 0.012500
0 0.480208 0.567969 0.297917 0.620313
0 0.359375 0.793750 0.014583 0.106250
0 0.359375 0.701562 0.010417 0.037500
0 0.360417 0.659375 0.004167 0.006250
0 0.361458 0.609375 0.010417 0.046875
0 0.360417 0.574219 0.004167 0.014063
0 0.362500 0.563281 0.004167 0.001563
0 0.360417 0.537500 0.012500 0.040625
0 0.359375 0.503125 0.014583 0.012500
0 0.360417 0.455469 0.012500 0.082812
0 0.363542 0.408594 0.002083 0.004687
0 0.480208 0.567187 0.297917 0.621875
