0 0.040625 0.832031 0.006250 0.004687
0 0.005208 0.794531 0.002083 0.007812
0 0.081250 0.764844 0.004167 0.004687
0 0.069792 0.755469 0.002083 0.001563
0 0.078125 0.753906 0.006250 0.007812
0 0.041667 0.614062 0.012500 0.012500
0 0.111458 0.572656 0.002083 0.001563
0 0.036458 0.499219 0.006250 0.001563
0 0.063542 0.347656 0.006250 0.001563
0 0.121875 0.225000 0.006250 0.003125
0 0.121875 0.139844 0.010417 0.010937
0 0.132292 0.105469 0.006250 0.001563
0 0.111458 0.107031 0.006250 0.010937
0 0.282292 0.487500 0.414583 0.790625
0 0.356250 0.876563 0.037500 0.009375
0 0.447917 0.714063 0.054167 0.337500
0 0.081250 0.694531 0.087500 0.370312
0 0.117708 0.416406 0.027083 0.045312
0 0.120833 0.350000 0.020833 0.028125
0 0.122917 0.325000 0.008333 0.006250
0 0.123958 0.305469 0.002083 0.001563
0 0.123958 0.248438 0.022917 0.037500
0 0.125000 0.175000 0.025000 0.043750
0 0.135417 0.121094 0.008333 0.010937
0 0.254167 0.298438 0.508333 0.478125
