0 0.309375 0.450781 0.135417 0.598437
0 0.036458 0.420312 0.072917 0.562500
0 0.348958 0.622656 0.002083 0.004687
0 0.245833 0.625781 0.004167 0.014063
0 0.350000 0.615625 0.004167 0.003125
0 0.248958 0.576562 0.002083 0.015625
0 0.353125 0.514062 0.002083 0.018750
0 0.255208 0.439063 0.006250 0.021875
0 0.358333 0.407031 0.012500 0.089063
0 0.262500 0.356250 0.008333 0.028125
0 0.361458 0.339062 0.014583 0.034375
0 0.369792 0.308594 0.006250 0.014063
0 0.370833 0.255469 0.008333 0.032813
0 0.372917 0.228125 0.004167 0.009375
0 0.253125 0.219531 0.010417 0.014063
0 0.372917 0.209375 0.004167 0.009375
0 0.253125 0.201563 0.006250 0.009375
0 0.372917 0.191406 0.008333 0.017188
0 0.250000 0.181250 0.008333 0.006250
0 0.359375 0.157031 0.035417 0.010937
