0 0.387500 0.667188 0.004167 0.009375
0 0.378125 0.660156 0.002083 0.001563
0 0.426042 0.571094 0.006250 0.007812
0 0.409375 0.511719 0.002083 0.001563
0 0.381250 0.514844 0.012500 0.007812
0 0.377083 0.502344 0.004167 0.004687
0 0.411458 0.501563 0.014583 0.009375
0 0.387500 0.500000 0.008333 0.009375
0 0.420833 0.492969 0.008333 0.004687
0 0.391667 0.460156 0.008333 0.004687
0 0.365625 0.473438 0.056250 0.037500
0 0.384375 0.447656 0.010417 0.004687
0 0.392708 0.655469 0.193750 0.685937
0 0.632292 0.728125 0.002083 0.003125
0 0.562500 0.600000 0.183333 0.346875
