0 0.344792 0.972656 0.002083 0.001563
0 0.368750 0.978125 0.041667 0.031250
0 0.335417 0.966406 0.025000 0.026562
0 0.280208 0.949219 0.018750 0.004687
0 0.259375 0.946094 0.010417 0.014063
0 0.376042 0.935156 0.002083 0.001563
0 0.383333 0.943750 0.004167 0.021875
0 0.286458 0.928125 0.002083 0.003125
0 0.382292 0.926562 0.002083 0.006250
0 0.366667 0.915625 0.004167 0.006250
0 0.265625 0.892188 0.002083 0.003125
0 0.298958 0.886719 0.002083 0.001563
0 0.285417 0.902344 0.016667 0.039062
0 0.262500 0.876563 0.004167 0.006250
0 0.521875 0.817969 0.068750 0.092188
0 0.485417 0.707812 0.012500 0.006250
0 0.403125 0.574219 0.002083 0.001563
0 0.367708 0.548438 0.047917 0.059375
0 0.403125 0.421094 0.002083 0.001563
0 0.434375 0.383594 0.010417 0.014063
0 0.403125 0.372656 0.002083 0.001563
0 0.365625 0.614062 0.443750 0.765625
0 0.360417 0.582031 0.329167 0.614062
0 0.373958 0.986719 0.006250 0.014063
0 0.525000 0.819531 0.066667 0.098437
0 0.568750 0.727344 0.004167 0.001563
0 0.485417 0.707812 0.004167 0.003125
0 0.367708 0.611719 0.452083 0.773438
