0 0.415625 0.735938 0.002083 0.003125
0 0.359375 0.734375 0.010417 0.009375
0 0.395833 0.707031 0.020833 0.004687
0 0.763542 0.582812 0.002083 0.003125
0 0.547917 0.751563 0.516667 0.493750
0 0.456250 0.441406 0.004167 0.007812
0 0.403125 0.429688 0.002083 0.003125
0 0.437500 0.425000 0.004167 0.003125
0 0.410417 0.425781 0.004167 0.007812
0 0.415625 0.366406 0.002083 0.001563
0 0.578125 0.447656 0.527083 0.501563
0 0.793750 0.773438 0.012500 0.012500
0 0.792708 0.746875 0.002083 0.009375
0 0.817708 0.640625 0.002083 0.003125
0 0.818750 0.597656 0.004167 0.001563
0 0.832292 0.527344 0.002083 0.007812
0 0.830208 0.501563 0.006250 0.012500
0 0.846875 0.373437 0.002083 0.003125
0 0.860417 0.360938 0.004167 0.006250
0 0.582292 0.548438 0.802083 0.900000
