0 0.417708 0.581250 0.247917 0.834375
0 0.845833 0.989062 0.016667 0.012500
0 0.891667 0.917188 0.016667 0.006250
0 0.844792 0.902344 0.006250 0.001563
0 0.860417 0.890625 0.008333 0.012500
0 0.873958 0.188281 0.002083 0.001563
0 0.846875 0.189062 0.002083 0.003125
0 0.501042 0.187500 0.002083 0.003125
0 0.491667 0.189844 0.008333 0.010937
0 0.817708 0.183594 0.002083 0.004687
0 0.509375 0.185156 0.010417 0.007812
0 0.661458 0.181250 0.002083 0.003125
0 0.526042 0.181250 0.002083 0.003125
0 0.802083 0.182812 0.012500 0.009375
0 0.769792 0.179688 0.002083 0.003125
0 0.677083 0.189844 0.012500 0.023438
0 0.466667 0.182812 0.016667 0.009375
0 0.727083 0.587500 0.404167 0.821875
0 0.700000 0.176563 0.004167 0.006250
