0 0.162500 0.639062 0.233333 0.718750
0 0.282292 0.992188 0.006250 0.006250
0 0.314583 0.980469 0.004167 0.001563
0 0.309375 0.948438 0.022917 0.015625
0 0.332292 0.896875 0.014583 0.012500
0 0.340625 0.863281 0.006250 0.004687
0 0.351042 0.842187 0.006250 0.006250
0 0.310417 0.831250 0.004167 0.006250
0 0.321875 0.821875 0.006250 0.006250
0 0.291667 0.718750 0.004167 0.012500
0 0.287500 0.701562 0.004167 0.003125
0 0.272917 0.675781 0.004167 0.007812
0 0.294792 0.685156 0.027083 0.045312
0 0.308333 0.642969 0.008333 0.004687
0 0.367708 0.534375 0.002083 0.003125
0 0.300000 0.537500 0.020833 0.012500
0 0.321875 0.529687 0.002083 0.003125
0 0.345833 0.528906 0.012500 0.010937
0 0.305208 0.520312 0.010417 0.003125
0 0.365625 0.514844 0.002083 0.001563
0 0.332292 0.510156 0.002083 0.001563
0 0.281250 0.501563 0.004167 0.003125
0 0.313542 0.503125 0.018750 0.015625
0 0.364583 0.495312 0.008333 0.009375
0 0.348958 0.462500 0.006250 0.009375
0 0.320833 0.464062 0.037500 0.046875
0 0.311458 0.442188 0.018750 0.009375
0 0.372917 0.404687 0.008333 0.006250
0 0.227083 0.638281 0.362500 0.720313
0 0.329167 0.687500 0.162500 0.621875
