0 0.733333 0.901563 0.304167 0.193750
0 0.943750 0.938281 0.108333 0.120313
0 0.860417 0.365625 0.266667 0.365625
0 0.538542 0.970313 0.006250 0.003125
0 0.553125 0.968750 0.010417 0.012500
0 0.565625 0.962500 0.006250 0.009375
0 0.565625 0.950000 0.006250 0.009375
0 0.565625 0.807031 0.006250 0.001563
0 0.655208 0.737500 0.010417 0.012500
0 0.610417 0.667969 0.004167 0.010937
0 0.521875 0.635156 0.397917 0.660937
0 0.648958 0.760938 0.006250 0.003125
0 0.637500 0.746875 0.050000 0.056250
0 0.523958 0.632031 0.406250 0.660937
