0 0.029167 0.866406 0.058333 0.264062
0 0.195833 0.607031 0.391667 0.782813
0 0.377083 0.995313 0.020833 0.006250
0 0.378125 0.914844 0.010417 0.004687
0 0.365625 0.888281 0.006250 0.004687
0 0.369792 0.867188 0.002083 0.003125
0 0.382292 0.839063 0.002083 0.003125
0 0.371875 0.839844 0.010417 0.004687
0 0.387500 0.818750 0.008333 0.003125
0 0.376042 0.776563 0.006250 0.003125
0 0.379167 0.735156 0.016667 0.020313
0 0.383333 0.716406 0.004167 0.001563
0 0.395833 0.542188 0.012500 0.009375
0 0.618750 0.631250 0.483333 0.734375
0 0.028125 0.870313 0.056250 0.256250
0 0.196875 0.606250 0.393750 0.784375
