0 0.346875 0.521094 0.060417 0.492188
0 0.533333 0.489063 0.045833 0.240625
0 0.417708 0.598437 0.010417 0.025000
0 0.552083 0.531250 0.004167 0.025000
0 0.512500 0.542188 0.004167 0.056250
0 0.511458 0.499219 0.002083 0.004687
0 0.548958 0.498437 0.002083 0.006250
0 0.420833 0.518750 0.008333 0.121875
0 0.426042 0.420312 0.002083 0.025000
0 0.518750 0.434375 0.008333 0.081250
0 0.494792 0.418750 0.143750 0.121875
0 0.345833 0.522656 0.062500 0.498437
0 0.080208 0.499219 0.160417 0.998437
0 0.500000 0.525000 0.258333 0.431250
