0 0.335417 0.442188 0.275000 0.743750
0 0.009375 0.850781 0.010417 0.010937
0 0.239583 0.432812 0.479167 0.800000
0 0.295833 0.802344 0.016667 0.001563
0 0.373958 0.785156 0.047917 0.014063
0 0.188542 0.724219 0.039583 0.217188
0 0.196875 0.581250 0.014583 0.046875
0 0.195833 0.539844 0.012500 0.026562
0 0.194792 0.520312 0.006250 0.006250
0 0.476042 0.537500 0.022917 0.459375
0 0.480208 0.258594 0.006250 0.026562
0 0.485417 0.225781 0.004167 0.010937
0 0.486458 0.209375 0.002083 0.006250
0 0.504167 0.114844 0.004167 0.004687
0 0.260417 0.053906 0.520833 0.107813
