0 0.295833 0.542188 0.150000 0.912500
0 0.409375 0.992969 0.002083 0.001563
0 0.877083 0.972656 0.012500 0.051562
0 0.882292 0.924219 0.010417 0.035937
0 0.883333 0.867969 0.012500 0.060937
0 0.411458 0.773438 0.006250 0.006250
0 0.885417 0.786719 0.012500 0.054688
0 0.387500 0.751563 0.004167 0.006250
0 0.890625 0.725781 0.010417 0.035937
0 0.396875 0.707812 0.006250 0.003125
0 0.892708 0.673438 0.010417 0.059375
0 0.892708 0.620313 0.002083 0.003125
0 0.895833 0.589844 0.008333 0.032813
0 0.897917 0.542188 0.004167 0.009375
0 0.441667 0.585156 0.037500 0.148438
0 0.896875 0.496094 0.002083 0.007812
0 0.446875 0.497656 0.010417 0.014063
0 0.896875 0.429688 0.002083 0.006250
0 0.467708 0.310937 0.002083 0.018750
0 0.626042 0.617969 0.560417 0.760938
