0 0.917708 0.329688 0.002083 0.003125
0 0.937500 0.589063 0.079167 0.818750
0 0.534375 0.628906 0.435417 0.739062
0 0.932292 0.966406 0.002083 0.023438
0 0.933333 0.937500 0.008333 0.018750
0 0.934375 0.875000 0.006250 0.003125
0 0.943750 0.849219 0.012500 0.035937
0 0.944792 0.797656 0.006250 0.029687
0 0.947917 0.736719 0.008333 0.032813
0 0.957292 0.630469 0.014583 0.089063
0 0.959375 0.567969 0.006250 0.026562
0 0.930208 0.264844 0.002083 0.007812
0 0.885417 0.510156 0.200000 0.973437
0 0.277083 0.832812 0.004167 0.003125
0 0.291667 0.471875 0.004167 0.003125
0 0.533333 0.613281 0.525000 0.770312
