0 0.553125 0.550000 0.393750 0.896875
0 0.802083 0.619531 0.008333 0.010937
0 0.811458 0.382812 0.002083 0.006250
0 0.625000 0.497656 0.441667 0.970313
0 0.376042 0.978906 0.002083 0.001563
0 0.675000 0.975781 0.004167 0.007812
0 0.389583 0.972656 0.008333 0.004687
0 0.437500 0.969531 0.004167 0.007812
0 0.369792 0.972656 0.022917 0.014063
0 0.644792 0.975000 0.043750 0.025000
0 0.638542 0.959375 0.002083 0.003125
0 0.507292 0.957812 0.002083 0.003125
0 0.652083 0.957031 0.004167 0.004687
0 0.494792 0.956250 0.002083 0.003125
0 0.547917 0.942969 0.008333 0.001563
0 0.373958 0.928906 0.014583 0.020313
0 0.367708 0.910937 0.002083 0.003125
0 0.686458 0.882812 0.002083 0.003125
0 0.367708 0.882812 0.002083 0.003125
0 0.375000 0.863281 0.016667 0.017188
0 0.377083 0.836719 0.008333 0.004687
0 0.375000 0.827344 0.004167 0.001563
0 0.392708 0.825000 0.006250 0.003125
0 0.376042 0.812500 0.010417 0.006250
0 0.381250 0.796094 0.004167 0.007812
0 0.393750 0.794531 0.008333 0.010937
0 0.379167 0.784375 0.004167 0.006250
0 0.369792 0.786719 0.002083 0.010937
0 0.686458 0.770312 0.002083 0.003125
0 0.404167 0.767188 0.004167 0.006250
0 0.390625 0.684375 0.002083 0.003125
0 0.385417 0.717969 0.025000 0.110937
0 0.705208 0.663281 0.006250 0.004687
0 0.383333 0.660937 0.004167 0.006250
0 0.686458 0.652344 0.002083 0.004687
0 0.698958 0.636719 0.014583 0.007812
0 0.703125 0.623437 0.002083 0.003125
0 0.687500 0.617969 0.004167 0.010937
0 0.391667 0.573438 0.004167 0.006250
0 0.701042 0.580469 0.031250 0.026562
0 0.385417 0.566406 0.004167 0.007812
0 0.389583 0.546094 0.004167 0.007812
0 0.688542 0.537500 0.014583 0.006250
0 0.694792 0.517969 0.018750 0.026562
0 0.691667 0.490625 0.008333 0.009375
0 0.710417 0.477344 0.004167 0.007812
0 0.693750 0.471094 0.012500 0.020313
0 0.392708 0.461719 0.002083 0.007812
0 0.704167 0.457813 0.008333 0.012500
0 0.692708 0.453906 0.006250 0.007812
0 0.393750 0.452344 0.008333 0.004687
0 0.390625 0.435937 0.002083 0.003125
0 0.711458 0.407813 0.002083 0.003125
0 0.694792 0.405469 0.018750 0.032813
0 0.396875 0.382812 0.006250 0.003125
0 0.706250 0.385937 0.020833 0.021875
0 0.701042 0.351562 0.002083 0.003125
0 0.694792 0.350000 0.002083 0.006250
0 0.694792 0.341406 0.006250 0.001563
0 0.401042 0.311719 0.010417 0.010937
0 0.711458 0.309375 0.002083 0.009375
0 0.432292 0.282031 0.002083 0.001563
0 0.696875 0.253906 0.010417 0.007812
0 0.407292 0.242188 0.002083 0.003125
0 0.694792 0.240625 0.002083 0.003125
0 0.694792 0.214844 0.006250 0.001563
0 0.694792 0.204687 0.010417 0.012500
0 0.578125 0.541406 0.347917 0.879687
