0 0.513542 0.857031 0.039583 0.239063
0 0.509375 0.728906 0.006250 0.010937
0 0.501042 0.728906 0.002083 0.010937
0 0.515625 0.673438 0.010417 0.015625
0 0.513542 0.658594 0.002083 0.004687
0 0.497917 0.661719 0.008333 0.010937
0 0.497917 0.607031 0.008333 0.004687
0 0.508333 0.621875 0.029167 0.040625
0 0.504167 0.584375 0.020833 0.015625
0 0.803125 0.575000 0.002083 0.003125
0 0.810417 0.764062 0.033333 0.468750
0 0.505208 0.543750 0.027083 0.056250
0 0.519792 0.500781 0.002083 0.001563
0 0.500000 0.489063 0.008333 0.009375
0 0.507292 0.442969 0.002083 0.004687
0 0.495833 0.441406 0.004167 0.004687
0 0.514583 0.426563 0.012500 0.012500
0 0.511458 0.400781 0.002083 0.001563
0 0.496875 0.405469 0.006250 0.010937
0 0.506250 0.371875 0.033333 0.043750
0 0.648958 0.407813 0.339583 0.240625
0 0.483333 0.886719 0.033333 0.223438
0 0.506250 0.746875 0.016667 0.012500
0 0.647917 0.640625 0.362500 0.715625
