0 0.084375 0.478906 0.168750 0.807813
0 0.019792 0.825000 0.002083 0.003125
0 0.048958 0.811719 0.002083 0.004687
0 0.054167 0.788281 0.016667 0.023438
0 0.105208 0.764844 0.002083 0.004687
0 0.047917 0.766406 0.020833 0.014063
0 0.020833 0.745313 0.012500 0.021875
0 0.047917 0.735156 0.029167 0.014063
0 0.064583 0.728906 0.004167 0.004687
0 0.027083 0.728125 0.004167 0.003125
0 0.063542 0.713281 0.002083 0.004687
0 0.011458 0.706250 0.010417 0.012500
0 0.015625 0.625781 0.002083 0.004687
0 0.006250 0.621094 0.004167 0.010937
0 0.058333 0.610156 0.004167 0.010937
0 0.036458 0.614844 0.014583 0.035937
0 0.015625 0.578125 0.014583 0.021875
0 0.062500 0.549219 0.012500 0.014063
0 0.046875 0.517188 0.089583 0.056250
0 0.120833 0.473438 0.004167 0.003125
0 0.056250 0.407813 0.029167 0.031250
0 0.018750 0.378906 0.008333 0.010937
0 0.077083 0.370312 0.004167 0.009375
0 0.069792 0.363281 0.002083 0.004687
0 0.001042 0.335156 0.002083 0.004687
0 0.101042 0.300000 0.006250 0.003125
0 0.047917 0.291406 0.004167 0.010937
0 0.088542 0.209375 0.018750 0.012500
0 0.084375 0.196094 0.002083 0.001563
0 0.028125 0.180469 0.002083 0.001563
0 0.115625 0.195312 0.018750 0.037500
0 0.026042 0.174219 0.006250 0.001563
0 0.045833 0.170313 0.008333 0.006250
0 0.093750 0.147656 0.012500 0.014063
0 0.254167 0.492188 0.508333 0.781250
0 0.104167 0.778125 0.058333 0.212500
0 0.454167 0.764062 0.037500 0.187500
0 0.469792 0.628125 0.022917 0.034375
0 0.481250 0.528906 0.025000 0.064062
0 0.498958 0.457031 0.006250 0.004687
0 0.492708 0.407813 0.014583 0.031250
0 0.501042 0.326562 0.006250 0.046875
0 0.271875 0.171875 0.543750 0.250000
