0 0.529167 0.405469 0.262500 0.551562
0 0.380208 0.603906 0.006250 0.004687
0 0.380208 0.572656 0.006250 0.010937
0 0.383333 0.558594 0.012500 0.010937
0 0.893750 0.553906 0.008333 0.004687
0 0.385417 0.547656 0.008333 0.007812
0 0.895833 0.542969 0.004167 0.007812
0 0.867708 0.460938 0.002083 0.003125
0 0.907292 0.453125 0.014583 0.025000
0 0.915625 0.431250 0.002083 0.006250
0 0.925000 0.332813 0.008333 0.012500
0 0.936458 0.276562 0.002083 0.006250
0 0.938542 0.264062 0.002083 0.006250
0 0.905208 0.245312 0.002083 0.003125
0 0.909375 0.236719 0.002083 0.007812
0 0.641667 0.399219 0.537500 0.567187
0 0.762500 0.410156 0.279167 0.535937
0 0.622917 0.650781 0.004167 0.004687
0 0.625000 0.632031 0.004167 0.004687
0 0.631250 0.585938 0.016667 0.068750
0 0.658333 0.317188 0.016667 0.062500
0 0.662500 0.256250 0.008333 0.021875
0 0.665625 0.189844 0.002083 0.010937
0 0.665625 0.172656 0.002083 0.007812
0 0.667708 0.409375 0.597917 0.593750
