0 0.728125 0.587500 0.193750 0.609375
0 0.692708 0.565625 0.547917 0.800000
0 0.713542 0.875781 0.014583 0.014063
0 0.739583 0.867188 0.004167 0.006250
0 0.738542 0.847656 0.002083 0.001563
0 0.683333 0.847656 0.037500 0.035937
0 0.694792 0.824219 0.006250 0.007812
0 0.648958 0.817969 0.018750 0.017188
0 0.643750 0.783594 0.016667 0.017188
0 0.638542 0.766406 0.002083 0.004687
0 0.637500 0.755469 0.004167 0.007812
0 0.639583 0.738281 0.004167 0.014063
0 0.641667 0.727344 0.004167 0.001563
0 0.644792 0.712500 0.002083 0.009375
0 0.645833 0.682813 0.008333 0.031250
0 0.650000 0.644531 0.004167 0.029687
0 0.722917 0.598437 0.012500 0.006250
0 0.667708 0.403125 0.006250 0.006250
0 0.769792 0.587500 0.177083 0.640625
0 0.779167 0.264844 0.004167 0.004687
0 0.727083 0.266406 0.016667 0.017188
0 0.762500 0.260156 0.004167 0.010937
0 0.672917 0.262500 0.016667 0.015625
0 0.610417 0.252344 0.004167 0.004687
