0 0.743750 0.598437 0.358333 0.615625
0 0.807292 0.928125 0.039583 0.012500
0 0.854167 0.926562 0.025000 0.015625
0 0.753125 0.926562 0.014583 0.015625
0 0.734375 0.919531 0.014583 0.010937
0 0.670833 0.919531 0.058333 0.029687
0 0.577083 0.900781 0.008333 0.001563
0 0.901042 0.294531 0.010417 0.004687
0 0.739583 0.563281 0.516667 0.745313
0 0.762500 0.902344 0.004167 0.001563
0 0.646875 0.896094 0.010417 0.001563
0 0.894792 0.596875 0.110417 0.621875
0 0.854167 0.288281 0.087500 0.026562
0 0.770833 0.285938 0.062500 0.031250
0 0.638542 0.581250 0.185417 0.631250
