0 0.558333 0.654687 0.304167 0.687500
0 0.680208 0.749219 0.002083 0.001563
0 0.846875 0.669531 0.302083 0.657813
0 0.142708 0.641406 0.285417 0.714063
0 0.665625 0.943750 0.002083 0.003125
0 0.417708 0.903125 0.027083 0.187500
0 0.677083 0.816406 0.004167 0.029687
0 0.429167 0.782031 0.016667 0.026562
0 0.678125 0.743750 0.010417 0.028125
0 0.428125 0.742969 0.010417 0.032813
0 0.434375 0.694531 0.014583 0.014063
0 0.682292 0.688281 0.010417 0.020313
0 0.434375 0.676562 0.006250 0.012500
0 0.444792 0.600781 0.018750 0.023438
0 0.691667 0.583594 0.004167 0.014063
0 0.444792 0.574219 0.002083 0.001563
0 0.438542 0.575781 0.002083 0.014063
0 0.453125 0.491406 0.027083 0.139063
0 0.455208 0.403125 0.006250 0.006250
0 0.462500 0.367188 0.020833 0.031250
0 0.650000 0.348438 0.012500 0.006250
0 0.830208 0.669531 0.335417 0.657813
0 0.571875 0.332031 0.110417 0.026562
0 0.465625 0.314844 0.014583 0.010937
