0 0.553125 0.502344 0.264583 0.448437
0 0.371875 0.750781 0.002083 0.001563
0 0.338542 0.708594 0.002083 0.001563
0 0.539583 0.486719 0.408333 0.517188
0 0.647917 0.628906 0.020833 0.035937
0 0.656250 0.621875 0.037500 0.209375
0 0.671875 0.515625 0.010417 0.012500
0 0.672917 0.500000 0.008333 0.012500
0 0.650000 0.490625 0.012500 0.021875
0 0.657292 0.480469 0.002083 0.004687
0 0.661458 0.444531 0.035417 0.057813
0 0.679167 0.391406 0.004167 0.032813
0 0.658333 0.381250 0.012500 0.018750
0 0.659375 0.346094 0.002083 0.001563
0 0.543750 0.500781 0.287500 0.451562
