0 0.326042 0.495312 0.464583 0.987500
0 0.525000 0.935937 0.004167 0.006250
0 0.510417 0.942187 0.020833 0.021875
0 0.522917 0.924219 0.004167 0.004687
0 0.511458 0.891406 0.010417 0.007812
0 0.528125 0.879687 0.010417 0.009375
0 0.505208 0.875000 0.002083 0.006250
0 0.511458 0.786719 0.010417 0.026562
0 0.518750 0.721875 0.012500 0.034375
0 0.116667 0.821875 0.054167 0.334375
0 0.137500 0.638281 0.004167 0.004687
0 0.110417 0.546094 0.004167 0.004687
0 0.133333 0.540625 0.041667 0.062500
0 0.123958 0.477344 0.031250 0.035937
0 0.111458 0.449219 0.002083 0.007812
0 0.115625 0.380469 0.006250 0.007812
0 0.541667 0.385156 0.004167 0.023438
0 0.128125 0.391406 0.031250 0.035937
0 0.546875 0.362500 0.010417 0.009375
0 0.391667 0.177344 0.470833 0.354687
0 0.136458 0.185156 0.060417 0.370312
