0 0.175000 0.600000 0.091667 0.156250
0 0.340625 0.632812 0.243750 0.731250
0 0.064583 0.611719 0.129167 0.173437
0 0.201042 0.952344 0.002083 0.001563
0 0.214583 0.945312 0.004167 0.012500
0 0.216667 0.921875 0.004167 0.018750
0 0.217708 0.846094 0.010417 0.032813
0 0.217708 0.800781 0.010417 0.035937
0 0.222917 0.764062 0.004167 0.009375
0 0.223958 0.686719 0.002083 0.004687
0 0.226042 0.662500 0.006250 0.015625
0 0.230208 0.618750 0.006250 0.018750
0 0.130208 0.566406 0.002083 0.004687
0 0.240625 0.446094 0.002083 0.007812
0 0.238542 0.403125 0.010417 0.012500
0 0.144792 0.301563 0.289583 0.081250
