0 0.717708 0.611719 0.356250 0.710938
0 0.838542 0.639844 0.002083 0.007812
0 0.850000 0.570312 0.004167 0.031250
0 0.856250 0.532031 0.008333 0.039062
0 0.870833 0.445312 0.016667 0.084375
0 0.883333 0.371094 0.004167 0.020313
0 0.888542 0.340625 0.006250 0.018750
0 0.896875 0.296875 0.014583 0.059375
0 0.701042 0.544531 0.397917 0.639062
0 0.711458 0.573438 0.572917 0.850000
0 0.509375 0.825000 0.002083 0.003125
0 0.684375 0.821094 0.285417 0.295312
0 0.530208 0.608594 0.002083 0.007812
0 0.592708 0.485156 0.002083 0.007812
0 0.595833 0.464844 0.012500 0.020313
0 0.600000 0.450000 0.004167 0.006250
0 0.605208 0.403125 0.002083 0.009375
0 0.606250 0.390625 0.004167 0.009375
0 0.563542 0.385937 0.014583 0.012500
0 0.606250 0.363281 0.004167 0.007812
0 0.558333 0.346094 0.004167 0.004687
0 0.610417 0.296875 0.004167 0.003125
0 0.561458 0.556250 0.102083 0.612500
0 0.842708 0.246094 0.002083 0.004687
0 0.865625 0.243750 0.018750 0.009375
0 0.756250 0.446094 0.295833 0.432812
