0 0.980208 0.233594 0.002083 0.001563
0 0.952083 0.222656 0.004167 0.004687
0 0.992708 0.222656 0.002083 0.007812
0 0.958333 0.217188 0.008333 0.009375
0 0.923958 0.213281 0.002083 0.001563
0 0.904167 0.414844 0.187500 0.410938
0 0.855208 0.217188 0.018750 0.015625
0 0.252083 0.525781 0.029167 0.017188
0 0.460417 0.489844 0.458333 0.926562
0 0.502083 0.499219 0.700000 0.998437
0 0.814583 0.546094 0.004167 0.023438
0 0.820833 0.511719 0.012500 0.039062
0 0.821875 0.464844 0.010417 0.048438
0 0.829167 0.389062 0.008333 0.040625
0 0.904167 0.491406 0.187500 0.264062
0 0.917708 0.221875 0.160417 0.037500
