0 0.630208 0.563281 0.206250 0.564063
0 0.331250 0.584375 0.312500 0.828125
0 0.283333 0.969531 0.079167 0.051562
0 0.359375 0.928125 0.002083 0.003125
0 0.176042 0.855469 0.002083 0.004687
0 0.184375 0.808594 0.022917 0.067187
0 0.198958 0.706250 0.010417 0.006250
0 0.222917 0.415625 0.004167 0.003125
0 0.338542 0.583594 0.327083 0.829688
0 0.685417 0.682031 0.062500 0.320312
0 0.708333 0.474219 0.025000 0.026562
0 0.703125 0.428125 0.002083 0.006250
0 0.710417 0.395313 0.025000 0.046875
0 0.540625 0.305469 0.002083 0.004687
0 0.698958 0.304688 0.022917 0.006250
0 0.625000 0.294531 0.033333 0.017188
0 0.589583 0.284375 0.004167 0.003125
0 0.568750 0.282813 0.016667 0.009375
0 0.632292 0.232031 0.372917 0.095312
0 0.535417 0.500781 0.004167 0.039062
0 0.639583 0.557031 0.195833 0.573438
