0 0.637500 0.937500 0.004167 0.006250
0 0.654167 0.878125 0.033333 0.068750
0 0.637500 0.839844 0.008333 0.007812
0 0.626042 0.833594 0.002083 0.010937
0 0.662500 0.832031 0.012500 0.014063
0 0.636458 0.790625 0.014583 0.018750
0 0.656250 0.790625 0.012500 0.021875
0 0.652083 0.737500 0.041667 0.028125
0 0.656250 0.694531 0.004167 0.001563
0 0.673958 0.671875 0.006250 0.009375
0 0.646875 0.678125 0.027083 0.034375
0 0.670833 0.643750 0.008333 0.006250
0 0.672917 0.631250 0.004167 0.003125
0 0.638542 0.624219 0.002083 0.004687
0 0.660417 0.620313 0.033333 0.056250
0 0.662500 0.478906 0.004167 0.004687
0 0.665625 0.518750 0.039583 0.112500
0 0.651042 0.464844 0.014583 0.029687
0 0.677083 0.439844 0.016667 0.035937
0 0.665625 0.350000 0.043750 0.121875
0 0.668750 0.237500 0.037500 0.056250
0 0.375000 0.499219 0.620833 0.998437
0 0.566667 0.992969 0.016667 0.001563
0 0.378125 0.499219 0.631250 0.998437
