0 0.810417 0.532813 0.287500 0.462500
0 0.613542 0.578125 0.172917 0.721875
0 0.966667 0.993750 0.037500 0.009375
0 0.664583 0.637500 0.004167 0.003125
0 0.665625 0.617188 0.002083 0.003125
0 0.946875 0.674219 0.102083 0.648438
0 0.995833 0.323437 0.004167 0.021875
0 0.847917 0.263281 0.300000 0.035937
0 0.910417 0.761719 0.008333 0.001563
0 0.857292 0.722656 0.002083 0.001563
0 0.857292 0.716406 0.002083 0.001563
0 0.839583 0.702344 0.012500 0.017188
0 0.807292 0.668750 0.002083 0.003125
0 0.900000 0.624219 0.008333 0.007812
0 0.898958 0.611719 0.006250 0.001563
0 0.903125 0.604688 0.014583 0.006250
0 0.944792 0.539844 0.002083 0.004687
0 0.925000 0.482812 0.012500 0.034375
0 0.930208 0.434375 0.022917 0.050000
0 0.809375 0.528906 0.302083 0.473438
0 0.794792 0.272656 0.006250 0.001563
