0 0.621875 0.501563 0.227083 0.459375
0 0.502083 0.631250 0.004167 0.003125
0 0.470833 0.567187 0.116667 0.781250
0 0.493750 0.830469 0.016667 0.010937
0 0.494792 0.813281 0.002083 0.004687
0 0.496875 0.752344 0.022917 0.095312
0 0.495833 0.677344 0.029167 0.039062
0 0.494792 0.623437 0.002083 0.003125
0 0.504167 0.560156 0.012500 0.017188
0 0.503125 0.483594 0.006250 0.007812
0 0.506250 0.453125 0.004167 0.025000
0 0.511458 0.335938 0.010417 0.040625
0 0.497917 0.299219 0.004167 0.001563
0 0.513542 0.297656 0.010417 0.004687
0 0.691667 0.527344 0.350000 0.626563
