0 0.623958 0.614844 0.285417 0.767188
0 0.106250 0.533594 0.150000 0.832812
0 0.413542 0.499219 0.072917 0.307812
0 0.378125 0.558594 0.443750 0.676562
0 0.037500 0.917969 0.012500 0.007812
0 0.133333 0.903125 0.058333 0.056250
0 0.035417 0.883594 0.004167 0.023438
0 0.109375 0.863281 0.006250 0.014063
0 0.065625 0.761719 0.047917 0.101562
0 0.068750 0.700000 0.004167 0.006250
0 0.063542 0.678906 0.027083 0.048438
0 0.083333 0.648438 0.008333 0.006250
0 0.081250 0.640625 0.004167 0.003125
0 0.128125 0.713281 0.035417 0.226562
0 0.078125 0.540625 0.018750 0.034375
0 0.147917 0.540625 0.012500 0.068750
0 0.076042 0.507812 0.006250 0.021875
0 0.155208 0.490625 0.002083 0.006250
0 0.091667 0.475781 0.012500 0.010937
0 0.079167 0.469531 0.012500 0.029687
0 0.153125 0.458594 0.014583 0.035937
0 0.109375 0.425781 0.002083 0.004687
0 0.111458 0.417187 0.002083 0.003125
0 0.103125 0.416406 0.006250 0.004687
0 0.089583 0.380469 0.004167 0.020313
0 0.093750 0.340625 0.004167 0.012500
0 0.094792 0.304688 0.002083 0.006250
0 0.139583 0.264062 0.087500 0.325000
0 0.425000 0.583594 0.004167 0.007812
0 0.381250 0.574219 0.004167 0.029687
0 0.257292 0.602344 0.014583 0.095312
0 0.266667 0.535156 0.008333 0.032813
0 0.433333 0.535937 0.016667 0.062500
0 0.273958 0.460156 0.014583 0.095312
0 0.397917 0.402344 0.004167 0.004687
0 0.371875 0.407813 0.189583 0.171875
