0 0.480208 0.506250 0.447917 0.850000
0 0.342708 0.917188 0.164583 0.034375
0 0.260417 0.851562 0.012500 0.040625
0 0.545833 0.866406 0.187500 0.089063
0 0.609375 0.810937 0.010417 0.009375
0 0.265625 0.761719 0.018750 0.073438
0 0.632292 0.723437 0.047917 0.131250
0 0.267708 0.668750 0.018750 0.084375
0 0.273958 0.557813 0.022917 0.125000
0 0.276042 0.416406 0.022917 0.132812
0 0.658333 0.491406 0.050000 0.310937
0 0.672917 0.294531 0.004167 0.014063
0 0.685417 0.306250 0.008333 0.050000
0 0.281250 0.297656 0.025000 0.076563
0 0.681250 0.255469 0.020833 0.029687
0 0.279167 0.224219 0.016667 0.039062
