0 0.221875 0.517188 0.381250 0.962500
0 0.650000 0.834375 0.062500 0.328125
0 0.676042 0.623437 0.022917 0.078125
0 0.565625 0.492969 0.402083 0.860938
0 0.122917 0.986719 0.016667 0.007812
0 0.138542 0.982031 0.006250 0.010937
0 0.153125 0.971875 0.006250 0.003125
0 0.276042 0.969531 0.002083 0.001563
0 0.228125 0.977344 0.022917 0.020313
0 0.271875 0.962500 0.002083 0.003125
0 0.221875 0.944531 0.010417 0.007812
0 0.200000 0.955469 0.033333 0.035937
0 0.254167 0.935937 0.041667 0.056250
0 0.293750 0.904687 0.012500 0.009375
0 0.205208 0.878906 0.002083 0.001563
0 0.142708 0.876563 0.018750 0.009375
0 0.179167 0.858594 0.016667 0.007812
0 0.321875 0.905469 0.081250 0.107813
0 0.322917 0.853906 0.004167 0.004687
0 0.261458 0.837500 0.002083 0.003125
0 0.287500 0.832812 0.016667 0.006250
0 0.231250 0.841406 0.079167 0.064062
0 0.334375 0.797656 0.077083 0.104688
0 0.073958 0.819531 0.089583 0.357812
0 0.387500 0.639062 0.004167 0.003125
0 0.367708 0.683594 0.031250 0.117188
0 0.138542 0.582812 0.002083 0.003125
0 0.383333 0.598437 0.033333 0.046875
0 0.391667 0.456250 0.033333 0.100000
0 0.406250 0.392969 0.012500 0.010937
0 0.387500 0.389844 0.004167 0.007812
0 0.402083 0.372656 0.029167 0.017188
0 0.386458 0.281250 0.002083 0.009375
0 0.221875 0.252344 0.006250 0.007812
0 0.231250 0.318750 0.345833 0.568750
