0 0.955208 0.994531 0.043750 0.007812
0 0.956250 0.975781 0.029167 0.010937
0 0.752083 0.922656 0.350000 0.151562
0 0.286458 0.967187 0.014583 0.025000
0 0.523958 0.880469 0.006250 0.004687
0 0.528125 0.872656 0.002083 0.001563
0 0.555208 0.850781 0.002083 0.004687
0 0.626042 0.774219 0.060417 0.057813
0 0.500000 0.653906 0.437500 0.689063
0 0.281250 0.950781 0.004167 0.007812
0 0.656250 0.767969 0.008333 0.014063
0 0.663542 0.710156 0.006250 0.010937
0 0.666667 0.685156 0.008333 0.020313
0 0.657292 0.675781 0.002083 0.004687
0 0.347917 0.653906 0.004167 0.007812
0 0.315625 0.782031 0.068750 0.320312
0 0.669792 0.632812 0.031250 0.078125
0 0.352083 0.528906 0.004167 0.001563
0 0.346875 0.539844 0.035417 0.092188
0 0.345833 0.472656 0.004167 0.007812
0 0.346875 0.457813 0.002083 0.006250
0 0.676042 0.388281 0.002083 0.004687
0 0.662500 0.368750 0.008333 0.006250
0 0.455208 0.340625 0.010417 0.006250
0 0.362500 0.367969 0.020833 0.060937
0 0.578125 0.439844 0.289583 0.273438
0 0.391667 0.311719 0.070833 0.017188
