0 0.638542 0.991406 0.010417 0.007812
0 0.653125 0.987500 0.006250 0.003125
0 0.611458 0.939063 0.006250 0.003125
0 0.626042 0.903906 0.002083 0.004687
0 0.596875 0.903906 0.002083 0.004687
0 0.626042 0.885156 0.002083 0.001563
0 0.610417 0.873437 0.004167 0.009375
0 0.658333 0.845313 0.008333 0.012500
0 0.627083 0.837500 0.004167 0.003125
0 0.636458 0.810937 0.006250 0.015625
0 0.677083 0.797656 0.004167 0.004687
0 0.620833 0.783594 0.004167 0.004687
0 0.642708 0.715625 0.006250 0.006250
0 0.688542 0.679688 0.002083 0.003125
0 0.663542 0.648438 0.014583 0.015625
0 0.665625 0.495312 0.010417 0.009375
0 0.680208 0.470313 0.002083 0.006250
0 0.651042 0.439844 0.002083 0.014063
0 0.670833 0.378906 0.004167 0.004687
0 0.686458 0.385937 0.022917 0.028125
0 0.493750 0.350000 0.008333 0.009375
0 0.408333 0.340625 0.008333 0.003125
0 0.334375 0.340625 0.002083 0.003125
0 0.602083 0.349219 0.054167 0.032813
0 0.446875 0.341406 0.035417 0.023438
0 0.358333 0.339062 0.020833 0.021875
0 0.316667 0.299219 0.004167 0.007812
0 0.455208 0.618750 0.672917 0.759375
0 0.222917 0.887500 0.012500 0.003125
0 0.636458 0.881250 0.114583 0.234375
0 0.221875 0.706250 0.002083 0.006250
0 0.266667 0.685156 0.004167 0.001563
0 0.272917 0.665625 0.025000 0.006250
0 0.301042 0.604688 0.002083 0.003125
0 0.303125 0.530469 0.006250 0.014063
0 0.473958 0.521875 0.497917 0.453125
0 0.231250 0.988281 0.037500 0.014063
0 0.221875 0.967187 0.006250 0.012500
0 0.235417 0.945312 0.004167 0.003125
0 0.237500 0.934375 0.012500 0.012500
0 0.272917 0.837500 0.012500 0.025000
0 0.276042 0.766406 0.006250 0.010937
0 0.215625 0.748437 0.002083 0.003125
0 0.280208 0.750781 0.014583 0.010937
0 0.248958 0.692969 0.006250 0.007812
0 0.303125 0.595313 0.002083 0.006250
0 0.305208 0.569531 0.002083 0.004687
0 0.290625 0.346094 0.002083 0.004687
0 0.455208 0.617969 0.677083 0.760938
