0 0.334375 0.657813 0.485417 0.681250
0 0.168750 0.968750 0.016667 0.059375
0 0.101042 0.939844 0.018750 0.014063
0 0.093750 0.927344 0.004167 0.004687
0 0.171875 0.914844 0.014583 0.042188
0 0.166667 0.867188 0.008333 0.021875
0 0.100000 0.881250 0.016667 0.078125
0 0.175000 0.815625 0.004167 0.012500
0 0.103125 0.792188 0.014583 0.090625
0 0.175000 0.710156 0.016667 0.007812
0 0.103125 0.697656 0.002083 0.004687
0 0.167708 0.639062 0.010417 0.003125
0 0.179167 0.540625 0.004167 0.003125
0 0.363542 0.396875 0.014583 0.006250
0 0.333333 0.654687 0.500000 0.687500
