0 0.478125 0.590625 0.414583 0.815625
0 0.625000 0.938281 0.008333 0.023438
0 0.629167 0.905469 0.004167 0.010937
0 0.616667 0.905469 0.008333 0.010937
0 0.627083 0.846094 0.020833 0.017188
0 0.631250 0.782813 0.020833 0.031250
0 0.306250 0.767188 0.004167 0.003125
0 0.655208 0.757812 0.006250 0.009375
0 0.634375 0.741406 0.022917 0.039062
0 0.297917 0.727344 0.004167 0.010937
0 0.657292 0.714844 0.010417 0.023438
0 0.637500 0.707812 0.020833 0.009375
0 0.651042 0.653125 0.002083 0.006250
0 0.644792 0.606250 0.027083 0.040625
0 0.673958 0.546875 0.002083 0.006250
0 0.657292 0.460156 0.039583 0.235937
0 0.668750 0.301563 0.025000 0.040625
0 0.685417 0.261719 0.004167 0.014063
0 0.660417 0.224219 0.041667 0.007812
0 0.441667 0.585156 0.379167 0.820312
0 0.987500 0.945312 0.020833 0.106250
0 0.666667 0.789062 0.004167 0.015625
0 0.685417 0.734375 0.020833 0.021875
0 0.671875 0.717187 0.002083 0.015625
0 0.685417 0.674219 0.033333 0.029687
0 0.687500 0.638281 0.016667 0.007812
0 0.694792 0.597656 0.027083 0.064062
0 0.701042 0.565625 0.002083 0.006250
0 0.700000 0.478125 0.029167 0.090625
0 0.721875 0.428125 0.002083 0.009375
0 0.704167 0.386719 0.008333 0.020313
0 0.715625 0.317969 0.002083 0.001563
0 0.815625 0.250781 0.364583 0.198437
