0 0.072917 0.918750 0.145833 0.159375
0 0.220833 0.911719 0.141667 0.173437
0 0.454167 0.686719 0.225000 0.623437
0 0.414583 0.991406 0.004167 0.004687
0 0.373958 0.991406 0.002083 0.004687
0 0.386458 0.901563 0.002083 0.006250
0 0.397917 0.863281 0.012500 0.014063
0 0.408333 0.811719 0.020833 0.017188
0 0.415625 0.766406 0.006250 0.014063
0 0.402083 0.735938 0.004167 0.006250
0 0.413542 0.692187 0.006250 0.009375
0 0.402083 0.632812 0.004167 0.015625
0 0.414583 0.632031 0.008333 0.020313
0 0.413542 0.592969 0.010417 0.014063
0 0.401042 0.583594 0.002083 0.001563
0 0.421875 0.553906 0.018750 0.010937
0 0.416667 0.542969 0.004167 0.001563
0 0.407292 0.537500 0.018750 0.015625
0 0.382292 0.516406 0.002083 0.004687
0 0.407292 0.514844 0.022917 0.014063
0 0.400000 0.482812 0.008333 0.009375
0 0.402083 0.473438 0.004167 0.003125
0 0.455208 0.684375 0.227083 0.628125
