0 0.867708 0.555469 0.218750 0.564063
0 0.996875 0.763281 0.002083 0.014063
0 0.996875 0.532031 0.002083 0.004687
0 0.996875 0.525000 0.002083 0.003125
0 0.897917 0.535156 0.200000 0.595313
0 0.848958 0.825781 0.010417 0.001563
0 0.835417 0.826562 0.004167 0.003125
0 0.790625 0.831250 0.064583 0.015625
0 0.884375 0.819531 0.031250 0.007812
0 0.941667 0.697656 0.029167 0.235937
0 0.835417 0.285156 0.008333 0.001563
0 0.808333 0.285156 0.004167 0.001563
0 0.823958 0.284375 0.006250 0.003125
0 0.890625 0.409375 0.189583 0.309375
