0 0.604167 0.483594 0.350000 0.773438
0 0.721875 0.753906 0.006250 0.010937
0 0.734375 0.693750 0.027083 0.043750
0 0.702083 0.592969 0.029167 0.054688
0 0.709375 0.552344 0.014583 0.017188
0 0.712500 0.529687 0.008333 0.009375
0 0.771875 0.488281 0.027083 0.010937
0 0.763542 0.472656 0.002083 0.001563
0 0.231250 0.404687 0.008333 0.012500
0 0.788542 0.399219 0.022917 0.014063
0 0.790625 0.361719 0.031250 0.042188
0 0.237500 0.321094 0.012500 0.035937
0 0.240625 0.285156 0.010417 0.014063
0 0.823958 0.262500 0.006250 0.009375
0 0.240625 0.255469 0.018750 0.032813
0 0.813542 0.239063 0.002083 0.003125
0 0.782292 0.331250 0.139583 0.350000
0 0.860417 0.147656 0.004167 0.010937
0 0.839583 0.142969 0.016667 0.020313
0 0.856250 0.130469 0.004167 0.007812
0 0.796875 0.128906 0.002083 0.010937
0 0.808333 0.132031 0.012500 0.026562
0 0.790625 0.100000 0.006250 0.012500
0 0.859375 0.096875 0.035417 0.040625
0 0.877083 0.040625 0.004167 0.003125
0 0.504167 0.130469 0.533333 0.204687
0 0.885417 0.028125 0.004167 0.006250
