0 0.736458 0.557813 0.210417 0.606250
0 0.721875 0.532813 0.510417 0.812500
0 0.757292 0.846094 0.002083 0.004687
0 0.756250 0.817187 0.012500 0.018750
0 0.707292 0.828125 0.072917 0.056250
0 0.707292 0.796875 0.002083 0.006250
0 0.651042 0.784375 0.002083 0.003125
0 0.637500 0.775781 0.004167 0.004687
0 0.761458 0.764844 0.002083 0.001563
0 0.647917 0.756250 0.012500 0.009375
0 0.635417 0.748437 0.004167 0.003125
0 0.638542 0.720313 0.006250 0.025000
0 0.641667 0.682813 0.004167 0.006250
0 0.645833 0.667188 0.004167 0.006250
0 0.651042 0.632031 0.006250 0.014063
0 0.694792 0.557031 0.002083 0.001563
0 0.684375 0.555469 0.010417 0.004687
0 0.771875 0.553125 0.197917 0.646875
0 0.706250 0.233594 0.033333 0.017188
0 0.623958 0.225000 0.093750 0.031250
