0 0.793750 0.603906 0.370833 0.789062
0 0.357292 0.470313 0.077083 0.240625
0 0.533333 0.577344 0.075000 0.423438
0 0.433333 0.535156 0.383333 0.695312
0 0.894792 0.989844 0.018750 0.007812
0 0.869792 0.980469 0.002083 0.001563
0 0.861458 0.983594 0.014583 0.007812
0 0.831250 0.973437 0.012500 0.009375
0 0.912500 0.964844 0.004167 0.004687
0 0.875000 0.939844 0.012500 0.010937
0 0.905208 0.894531 0.018750 0.007812
0 0.880208 0.894531 0.027083 0.017188
0 0.912500 0.825000 0.004167 0.006250
0 0.898958 0.817969 0.014583 0.017188
0 0.914583 0.729688 0.004167 0.003125
0 0.914583 0.678906 0.004167 0.007812
0 0.946875 0.677344 0.002083 0.007812
0 0.948958 0.668750 0.002083 0.003125
0 0.914583 0.667969 0.008333 0.004687
0 0.738542 0.660937 0.006250 0.003125
0 0.946875 0.605469 0.010417 0.001563
0 0.709375 0.605469 0.014583 0.007812
0 0.950000 0.597656 0.004167 0.001563
0 0.930208 0.592969 0.018750 0.014063
0 0.943750 0.560937 0.004167 0.003125
0 0.928125 0.570312 0.014583 0.025000
0 0.933333 0.521875 0.004167 0.003125
0 0.686458 0.525000 0.010417 0.009375
0 0.763542 0.507812 0.006250 0.003125
0 0.946875 0.524219 0.027083 0.045312
0 0.929167 0.492188 0.004167 0.003125
0 0.918750 0.491406 0.008333 0.004687
0 0.929167 0.467969 0.012500 0.010937
0 0.780208 0.716406 0.339583 0.545312
0 0.950000 0.454688 0.029167 0.050000
0 0.930208 0.423438 0.006250 0.003125
0 0.943750 0.422656 0.008333 0.004687
0 0.648958 0.420312 0.052083 0.065625
0 0.958333 0.403906 0.020833 0.045312
0 0.676042 0.375781 0.002083 0.001563
0 0.941667 0.374219 0.029167 0.032813
0 0.938542 0.357812 0.002083 0.003125
0 0.961458 0.356250 0.022917 0.040625
0 0.721875 0.324219 0.002083 0.004687
0 0.843750 0.255469 0.029167 0.023438
0 0.898958 0.238281 0.002083 0.001563
0 0.744792 0.308594 0.243750 0.179688
0 0.922917 0.280469 0.108333 0.142187
0 0.917708 0.214062 0.093750 0.015625
