0 0.777083 0.816406 0.004167 0.007812
0 0.680208 0.803125 0.006250 0.006250
0 0.735417 0.744531 0.041667 0.079687
0 0.751042 0.696875 0.006250 0.009375
0 0.759375 0.675000 0.010417 0.021875
0 0.745833 0.665625 0.004167 0.003125
0 0.727083 0.629687 0.008333 0.015625
0 0.753125 0.609375 0.006250 0.003125
0 0.701042 0.607031 0.002083 0.004687
0 0.758333 0.594531 0.004167 0.007812
0 0.698958 0.527344 0.006250 0.001563
0 0.742708 0.447656 0.002083 0.001563
0 0.741667 0.417969 0.012500 0.023438
0 0.747917 0.672656 0.312500 0.651563
0 0.767708 0.653906 0.410417 0.689063
