0 0.871875 0.832812 0.002083 0.006250
0 0.923958 0.561719 0.006250 0.004687
0 0.743750 0.626563 0.420833 0.640625
0 0.815625 0.969531 0.010417 0.007812
0 0.717708 0.955469 0.027083 0.020313
0 0.684375 0.945312 0.002083 0.003125
0 0.664583 0.949219 0.012500 0.020313
0 0.609375 0.935156 0.002083 0.001563
0 0.563542 0.924219 0.006250 0.001563
0 0.534375 0.765625 0.014583 0.009375
0 0.923958 0.670312 0.147917 0.621875
0 0.715625 0.574219 0.564583 0.729688
0 0.747917 0.935937 0.033333 0.006250
0 0.677083 0.923438 0.008333 0.003125
0 0.664583 0.923438 0.008333 0.003125
0 0.653125 0.922656 0.002083 0.001563
0 0.637500 0.921094 0.004167 0.001563
0 0.557292 0.906250 0.027083 0.006250
0 0.528125 0.891406 0.002083 0.004687
0 0.542708 0.799219 0.002083 0.017188
0 0.545833 0.768750 0.004167 0.003125
0 0.879167 0.747656 0.112500 0.407813
0 0.941667 0.425781 0.079167 0.223438
0 0.772917 0.310937 0.016667 0.006250
0 0.941667 0.305469 0.012500 0.004687
0 0.782292 0.293750 0.018750 0.009375
0 0.855208 0.305469 0.139583 0.035937
0 0.622917 0.594531 0.245833 0.632812
