0 0.340625 0.604688 0.206250 0.684375
0 0.357292 0.261719 0.002083 0.001563
0 0.317708 0.254688 0.006250 0.003125
0 0.277083 0.247656 0.004167 0.001563
0 0.096875 0.878906 0.006250 0.004687
0 0.114583 0.862500 0.004167 0.006250
0 0.179167 0.838281 0.004167 0.001563
0 0.145833 0.915625 0.104167 0.159375
0 0.129167 0.460156 0.145833 0.857812
0 0.650000 0.471875 0.004167 0.003125
0 0.651042 0.458594 0.006250 0.004687
0 0.551042 0.448437 0.010417 0.009375
0 0.667708 0.238281 0.543750 0.476562
0 0.962500 0.222656 0.070833 0.445312
