0 0.819792 0.577344 0.356250 0.842187
0 0.867708 0.991406 0.010417 0.004687
0 0.761458 0.694531 0.002083 0.004687
0 0.750000 0.525781 0.004167 0.004687
0 0.763542 0.521875 0.002083 0.009375
0 0.736458 0.514844 0.002083 0.001563
0 0.730208 0.511719 0.002083 0.004687
0 0.704167 0.750781 0.120833 0.495312
0 0.715625 0.474219 0.018750 0.042188
0 0.752083 0.479687 0.041667 0.081250
0 0.760417 0.419531 0.033333 0.032813
0 0.729167 0.405469 0.016667 0.026562
0 0.719792 0.382812 0.002083 0.003125
0 0.729167 0.374219 0.004167 0.004687
0 0.732292 0.358594 0.010417 0.017188
0 0.734375 0.343750 0.002083 0.006250
0 0.727083 0.336719 0.004167 0.007812
0 0.766667 0.362500 0.041667 0.068750
0 0.733333 0.319531 0.012500 0.010937
0 0.755208 0.319531 0.022917 0.014063
0 0.779167 0.313281 0.004167 0.004687
0 0.748958 0.298438 0.002083 0.003125
0 0.733333 0.298438 0.004167 0.003125
0 0.838542 0.264062 0.002083 0.003125
0 0.850000 0.262500 0.004167 0.003125
0 0.734375 0.246094 0.002083 0.010937
0 0.873958 0.241406 0.002083 0.004687
0 0.900000 0.228125 0.008333 0.012500
0 0.860417 0.221094 0.004167 0.004687
0 0.922917 0.210156 0.016667 0.010937
0 0.611458 0.046094 0.002083 0.001563
0 0.383333 0.040625 0.004167 0.003125
0 0.330208 0.041406 0.006250 0.004687
0 0.372917 0.040625 0.008333 0.006250
0 0.566667 0.515625 0.862500 0.965625
