0 0.881250 0.602344 0.229167 0.792188
0 0.005208 0.762500 0.010417 0.068750
0 0.016667 0.364063 0.033333 0.640625
0 0.960417 0.995313 0.020833 0.006250
0 0.940625 0.960156 0.002083 0.017188
0 0.973958 0.962500 0.043750 0.034375
0 0.945833 0.907031 0.012500 0.042188
0 0.981250 0.910156 0.033333 0.054688
0 0.986458 0.811719 0.022917 0.051562
0 0.959375 0.817187 0.018750 0.075000
0 0.963542 0.767188 0.014583 0.015625
0 0.995833 0.745313 0.004167 0.006250
0 0.977083 0.742969 0.012500 0.004687
0 0.983333 0.722656 0.004167 0.001563
0 0.968750 0.714063 0.008333 0.025000
0 0.995833 0.711719 0.004167 0.026562
0 0.978125 0.671875 0.006250 0.006250
0 0.978125 0.660937 0.002083 0.006250
0 0.995833 0.642969 0.004167 0.001563
0 0.982292 0.638281 0.002083 0.007812
0 0.990625 0.625781 0.014583 0.020313
0 0.984375 0.567187 0.002083 0.012500
0 0.715625 0.567969 0.564583 0.860938
