0 0.453125 0.531250 0.202083 0.696875
0 0.758333 0.698438 0.050000 0.359375
0 0.789583 0.455469 0.012500 0.051562
0 0.666667 0.310156 0.304167 0.232813
0 0.356250 0.874219 0.004167 0.004687
0 0.357292 0.822656 0.006250 0.023438
0 0.509375 0.792188 0.002083 0.006250
0 0.366667 0.777344 0.016667 0.042188
0 0.510417 0.739062 0.012500 0.028125
0 0.369792 0.722656 0.010417 0.039062
0 0.369792 0.692969 0.002083 0.014063
0 0.516667 0.689844 0.008333 0.026562
0 0.750000 0.770312 0.029167 0.203125
0 0.767708 0.641406 0.002083 0.007812
0 0.770833 0.592969 0.004167 0.014063
0 0.526042 0.577344 0.006250 0.020313
0 0.773958 0.567969 0.002083 0.014063
0 0.388542 0.471875 0.002083 0.003125
0 0.790625 0.457031 0.006250 0.039062
0 0.538542 0.435937 0.002083 0.003125
0 0.539583 0.375000 0.020833 0.043750
0 0.794792 0.377344 0.010417 0.070312
0 0.803125 0.295312 0.006250 0.056250
0 0.807292 0.257812 0.002083 0.009375
0 0.664583 0.219531 0.304167 0.048438
