0 0.609375 0.521094 0.247917 0.457813
0 0.457292 0.589063 0.114583 0.775000
0 0.409375 0.953906 0.014583 0.039062
0 0.415625 0.874219 0.018750 0.073438
0 0.421875 0.781250 0.022917 0.053125
0 0.429167 0.713281 0.020833 0.060937
0 0.843750 0.514062 0.004167 0.006250
0 0.839583 0.490625 0.004167 0.003125
0 0.845833 0.464844 0.008333 0.004687
0 0.830208 0.374219 0.002083 0.004687
0 0.855208 0.336719 0.002083 0.001563
0 0.679167 0.257031 0.337500 0.035937
0 0.804167 0.832812 0.004167 0.012500
0 0.742708 0.747656 0.006250 0.001563
0 0.734375 0.746875 0.002083 0.003125
0 0.717708 0.745313 0.010417 0.006250
0 0.736458 0.333594 0.002083 0.001563
0 0.692708 0.567969 0.352083 0.654687
