0 0.715625 0.392969 0.093750 0.773438
0 0.383333 0.547656 0.004167 0.004687
0 0.659375 0.538281 0.006250 0.026562
0 0.381250 0.510156 0.004167 0.004687
0 0.662500 0.458594 0.004167 0.014063
0 0.397917 0.443750 0.012500 0.012500
0 0.635417 0.394531 0.004167 0.004687
0 0.657292 0.372656 0.002083 0.001563
0 0.376042 0.372656 0.002083 0.001563
0 0.637500 0.370312 0.004167 0.003125
0 0.626042 0.368750 0.006250 0.006250
0 0.397917 0.353906 0.004167 0.001563
0 0.532292 0.357031 0.018750 0.010937
0 0.587500 0.355469 0.012500 0.026562
0 0.578125 0.337500 0.006250 0.006250
0 0.517708 0.333594 0.002083 0.001563
0 0.501042 0.328906 0.002083 0.004687
0 0.460417 0.328125 0.012500 0.012500
0 0.537500 0.325000 0.008333 0.012500
0 0.516667 0.317969 0.004167 0.004687
0 0.500000 0.317969 0.008333 0.010937
0 0.505208 0.307031 0.002083 0.001563
0 0.438542 0.299219 0.002083 0.001563
0 0.629167 0.288281 0.008333 0.001563
0 0.475000 0.289844 0.004167 0.004687
0 0.514583 0.287500 0.008333 0.009375
0 0.485417 0.285938 0.004167 0.006250
0 0.400000 0.291406 0.012500 0.020313
0 0.547917 0.283594 0.012500 0.010937
0 0.670833 0.278906 0.012500 0.010937
0 0.515625 0.275000 0.006250 0.006250
0 0.488542 0.275000 0.010417 0.009375
0 0.402083 0.274219 0.016667 0.010937
0 0.663542 0.267969 0.002083 0.001563
0 0.455208 0.280469 0.039583 0.026562
0 0.676042 0.266406 0.002083 0.007812
0 0.417708 0.257031 0.006250 0.001563
0 0.676042 0.254688 0.002083 0.003125
0 0.460417 0.255469 0.012500 0.010937
0 0.451042 0.242969 0.002083 0.001563
0 0.613542 0.233594 0.002083 0.001563
0 0.462500 0.232813 0.004167 0.006250
0 0.677083 0.225000 0.008333 0.012500
0 0.431250 0.228125 0.016667 0.018750
0 0.567708 0.216406 0.002083 0.001563
0 0.540625 0.217188 0.002083 0.006250
0 0.470833 0.215625 0.008333 0.009375
0 0.679167 0.210938 0.004167 0.006250
0 0.651042 0.217188 0.035417 0.025000
0 0.509375 0.208594 0.010417 0.014063
0 0.541667 0.205469 0.008333 0.010937
0 0.528125 0.201563 0.006250 0.003125
0 0.545833 0.196094 0.004167 0.001563
0 0.517708 0.196094 0.002083 0.001563
0 0.536458 0.194531 0.010417 0.004687
0 0.546875 0.182031 0.002083 0.001563
0 0.442708 0.195312 0.035417 0.034375
0 0.650000 0.170313 0.004167 0.003125
0 0.486458 0.179688 0.039583 0.040625
0 0.500000 0.157812 0.008333 0.006250
0 0.498958 0.150781 0.002083 0.001563
0 0.553125 0.153125 0.022917 0.009375
0 0.641667 0.147656 0.004167 0.001563
0 0.514583 0.146094 0.008333 0.004687
0 0.663542 0.172656 0.039583 0.064062
0 0.555208 0.142969 0.010417 0.004687
0 0.566667 0.137500 0.008333 0.006250
0 0.498958 0.121875 0.002083 0.003125
0 0.513542 0.366406 0.360417 0.617188
