0 0.382292 0.671094 0.114583 0.654687
0 0.363542 0.873437 0.077083 0.250000
0 0.394792 0.751563 0.006250 0.021875
0 0.404167 0.696094 0.020833 0.057813
0 0.396875 0.636719 0.002083 0.001563
0 0.410417 0.617969 0.020833 0.076563
0 0.408333 0.561719 0.016667 0.020313
0 0.422917 0.551562 0.004167 0.009375
0 0.417708 0.534375 0.002083 0.003125
0 0.421875 0.517969 0.002083 0.004687
0 0.421875 0.472656 0.006250 0.042188
0 0.430208 0.409375 0.002083 0.003125
0 0.575000 0.677344 0.254167 0.642188
0 0.640625 0.639844 0.047917 0.339062
0 0.633333 0.638281 0.066667 0.342187
