0 0.371875 0.972656 0.002083 0.001563
0 0.536458 0.961719 0.002083 0.001563
0 0.382292 0.938281 0.002083 0.001563
0 0.395833 0.865625 0.004167 0.006250
0 0.387500 0.816406 0.008333 0.007812
0 0.382292 0.758594 0.002083 0.001563
0 0.470833 0.714844 0.004167 0.004687
0 0.396875 0.714063 0.002083 0.003125
0 0.507292 0.714844 0.014583 0.007812
0 0.475000 0.692969 0.004167 0.004687
0 0.507292 0.701562 0.052083 0.031250
0 0.395833 0.682031 0.033333 0.045312
0 0.480208 0.639844 0.002083 0.001563
0 0.514583 0.636719 0.054167 0.032813
0 0.492708 0.612500 0.002083 0.006250
0 0.484375 0.600000 0.014583 0.006250
0 0.498958 0.588281 0.010417 0.010937
0 0.496875 0.578125 0.002083 0.003125
0 0.458333 0.586719 0.025000 0.032813
0 0.411458 0.603906 0.081250 0.082812
0 0.469792 0.563281 0.010417 0.007812
0 0.447917 0.545312 0.008333 0.012500
0 0.422917 0.543750 0.008333 0.009375
0 0.471875 0.533594 0.006250 0.004687
0 0.520833 0.570312 0.033333 0.087500
0 0.481250 0.523438 0.012500 0.009375
0 0.453125 0.519531 0.018750 0.010937
0 0.441667 0.497656 0.012500 0.007812
0 0.401042 0.494531 0.002083 0.001563
0 0.515625 0.513281 0.043750 0.060937
0 0.473958 0.487500 0.010417 0.021875
0 0.417708 0.487500 0.052083 0.037500
0 0.356250 0.467187 0.008333 0.012500
0 0.507292 0.452344 0.014583 0.014063
0 0.469792 0.447656 0.010417 0.004687
0 0.531250 0.450000 0.008333 0.028125
0 0.506250 0.435156 0.016667 0.007812
0 0.491667 0.431250 0.004167 0.006250
0 0.421875 0.432812 0.027083 0.015625
0 0.490625 0.421094 0.006250 0.001563
0 0.290625 0.640625 0.514583 0.715625
0 0.443750 0.685937 0.216667 0.625000
0 0.190625 0.640625 0.310417 0.715625
0 0.339583 0.905469 0.016667 0.164062
0 0.341667 0.742969 0.016667 0.145313
0 0.345833 0.657813 0.008333 0.006250
0 0.345833 0.639062 0.004167 0.018750
0 0.346875 0.587500 0.010417 0.065625
0 0.452083 0.680469 0.216667 0.623437
0 0.548958 0.958594 0.002083 0.014063
0 0.539583 0.957812 0.008333 0.031250
0 0.547917 0.941406 0.004167 0.014063
0 0.541667 0.909375 0.016667 0.031250
0 0.501042 0.650000 0.364583 0.696875
