0 0.344792 0.847656 0.002083 0.001563
0 0.443750 0.837500 0.004167 0.006250
0 0.379167 0.832031 0.004167 0.001563
0 0.407292 0.835156 0.018750 0.010937
0 0.366667 0.830469 0.012500 0.014063
0 0.394792 0.815625 0.006250 0.009375
0 0.496875 0.807031 0.002083 0.001563
0 0.354167 0.799219 0.004167 0.007812
0 0.403125 0.771094 0.014583 0.004687
0 0.500000 0.737500 0.008333 0.003125
0 0.497917 0.716406 0.004167 0.001563
0 0.340625 0.602344 0.002083 0.001563
0 0.488542 0.582031 0.014583 0.007812
0 0.457292 0.574219 0.018750 0.010937
0 0.491667 0.551562 0.004167 0.009375
0 0.501042 0.518750 0.027083 0.006250
0 0.505208 0.500000 0.002083 0.003125
0 0.487500 0.499219 0.016667 0.007812
0 0.526042 0.477344 0.006250 0.001563
0 0.504167 0.479687 0.025000 0.006250
0 0.483333 0.478125 0.008333 0.003125
0 0.501042 0.474219 0.002083 0.001563
0 0.441667 0.417969 0.004167 0.001563
0 0.440625 0.564844 0.489583 0.867188
