0 0.645833 0.610938 0.208333 0.775000
0 0.042708 0.559375 0.085417 0.871875
0 0.611458 0.621094 0.139583 0.754687
0 0.359375 0.454688 0.281250 0.162500
0 0.015625 0.936719 0.006250 0.004687
0 0.002083 0.935937 0.004167 0.003125
0 0.016667 0.917188 0.025000 0.006250
0 0.027083 0.871875 0.008333 0.012500
0 0.015625 0.842187 0.031250 0.028125
0 0.028125 0.827344 0.006250 0.004687
0 0.008333 0.804688 0.016667 0.006250
0 0.014583 0.782813 0.004167 0.003125
0 0.012500 0.760156 0.025000 0.032813
0 0.007292 0.672656 0.014583 0.051562
0 0.005208 0.600000 0.010417 0.037500
0 0.012500 0.481250 0.025000 0.181250
0 0.014583 0.332813 0.029167 0.106250
0 0.006250 0.271875 0.004167 0.003125
0 0.014583 0.224219 0.029167 0.067187
0 0.005208 0.171875 0.010417 0.018750
0 0.401042 0.553125 0.802083 0.890625
