0 0.392708 0.432031 0.318750 0.820312
0 0.916667 0.860156 0.041667 0.051562
0 0.992708 0.493750 0.002083 0.003125
0 0.833333 0.464844 0.329167 0.823438
0 0.832292 0.050781 0.002083 0.001563
0 0.386458 0.807031 0.097917 0.035937
0 0.445833 0.718750 0.025000 0.112500
0 0.259375 0.599219 0.064583 0.489063
0 0.295833 0.255469 0.004167 0.035937
0 0.300000 0.208594 0.004167 0.017188
0 0.305208 0.137500 0.002083 0.006250
0 0.313542 0.067969 0.010417 0.060937
0 0.492708 0.285156 0.147917 0.526563
0 0.366667 0.022656 0.091667 0.014063
