0 0.034375 0.459375 0.068750 0.678125
0 0.691667 0.666406 0.004167 0.004687
0 0.701042 0.596094 0.002083 0.004687
0 0.718750 0.590625 0.008333 0.021875
0 0.703125 0.582812 0.002083 0.006250
0 0.729167 0.538281 0.012500 0.017188
0 0.716667 0.516406 0.012500 0.010937
0 0.733333 0.512500 0.008333 0.009375
0 0.727083 0.493750 0.020833 0.021875
0 0.740625 0.446875 0.010417 0.034375
0 0.730208 0.430469 0.002083 0.004687
0 0.731250 0.417187 0.004167 0.006250
0 0.744792 0.407031 0.002083 0.004687
0 0.746875 0.394531 0.002083 0.004687
0 0.750000 0.376563 0.008333 0.012500
0 0.751042 0.366406 0.002083 0.001563
0 0.747917 0.353906 0.008333 0.007812
0 0.512500 0.630469 0.512500 0.735938
0 0.251042 0.976562 0.002083 0.003125
0 0.258333 0.955469 0.016667 0.029687
0 0.272917 0.931250 0.012500 0.009375
0 0.509375 0.615625 0.531250 0.721875
