0 0.369792 0.700781 0.156250 0.139063
0 0.059375 0.750000 0.002083 0.003125
0 0.128125 0.747656 0.010417 0.004687
0 0.046875 0.745313 0.002083 0.006250
0 0.148958 0.735938 0.022917 0.015625
0 0.037500 0.699219 0.004167 0.001563
0 0.051042 0.683594 0.010417 0.023438
0 0.021875 0.698438 0.035417 0.053125
0 0.031250 0.644531 0.008333 0.001563
0 0.050000 0.644531 0.004167 0.004687
0 0.009375 0.660156 0.014583 0.035937
0 0.046875 0.636719 0.002083 0.004687
0 0.080208 0.619531 0.006250 0.007812
0 0.006250 0.618750 0.004167 0.006250
0 0.064583 0.615625 0.004167 0.006250
0 0.096875 0.599219 0.002083 0.001563
0 0.032292 0.618750 0.027083 0.062500
0 0.065625 0.586719 0.002083 0.010937
0 0.038542 0.576562 0.002083 0.003125
0 0.006250 0.583594 0.012500 0.042188
0 0.005208 0.547656 0.002083 0.004687
0 0.159375 0.543750 0.010417 0.012500
0 0.092708 0.523438 0.002083 0.003125
0 0.062500 0.526563 0.008333 0.012500
0 0.171875 0.523438 0.002083 0.009375
0 0.137500 0.520312 0.004167 0.003125
0 0.004167 0.480469 0.008333 0.035937
0 0.098958 0.416406 0.002083 0.004687
0 0.140625 0.415625 0.010417 0.006250
0 0.163542 0.379688 0.002083 0.003125
0 0.108333 0.375781 0.012500 0.007812
0 0.158333 0.363281 0.008333 0.010937
0 0.157292 0.324219 0.002083 0.001563
0 0.003125 0.302344 0.006250 0.004687
0 0.029167 0.287500 0.008333 0.006250
0 0.160417 0.256250 0.004167 0.006250
0 0.119792 0.460156 0.206250 0.579688
0 0.548958 0.685937 0.143750 0.134375
