0 0.201042 0.992969 0.014583 0.001563
0 0.071875 0.989062 0.006250 0.003125
0 0.658333 0.986719 0.029167 0.014063
0 0.823958 0.978906 0.006250 0.001563
0 0.627083 0.985938 0.012500 0.015625
0 0.448958 0.985938 0.022917 0.018750
0 0.090625 0.973437 0.002083 0.003125
0 0.643750 0.966406 0.004167 0.001563
0 0.811458 0.963281 0.002083 0.004687
0 0.827083 0.964844 0.012500 0.020313
0 0.789583 0.957812 0.050000 0.037500
0 0.521875 0.942187 0.002083 0.009375
0 0.102083 0.956250 0.083333 0.053125
0 0.507292 0.926562 0.002083 0.003125
0 0.060417 0.925000 0.008333 0.003125
0 0.438542 0.923438 0.002083 0.003125
0 0.614583 0.935937 0.029167 0.031250
0 0.511458 0.917969 0.002083 0.001563
0 0.107292 0.923438 0.022917 0.012500
0 0.594792 0.917188 0.002083 0.003125
0 0.260417 0.916406 0.004167 0.004687
0 0.084375 0.915625 0.006250 0.003125
0 0.443750 0.914062 0.004167 0.006250
0 0.452083 0.909375 0.004167 0.003125
0 0.040625 0.914062 0.010417 0.015625
0 0.614583 0.907813 0.012500 0.015625
0 0.665625 0.904687 0.018750 0.012500
0 0.098958 0.903125 0.006250 0.018750
0 0.568750 0.885938 0.004167 0.006250
0 0.542708 0.896875 0.035417 0.031250
0 0.070833 0.882031 0.004167 0.001563
0 0.513542 0.936719 0.156250 0.117188
0 0.611458 0.879687 0.014583 0.015625
0 0.098958 0.870313 0.002083 0.003125
0 0.645833 0.853906 0.004167 0.001563
0 0.212500 0.853906 0.008333 0.010937
0 0.089583 0.846875 0.004167 0.003125
0 0.056250 0.875000 0.045833 0.059375
0 0.082292 0.841406 0.002083 0.001563
0 0.527083 0.842187 0.016667 0.025000
0 0.202083 0.911719 0.125000 0.164062
0 0.193750 0.830469 0.004167 0.001563
0 0.630208 0.835156 0.031250 0.023438
0 0.192708 0.756250 0.002083 0.009375
0 0.104167 0.732812 0.008333 0.003125
0 0.196875 0.368750 0.010417 0.003125
0 0.246875 0.361719 0.002083 0.001563
0 0.266667 0.300000 0.004167 0.003125
0 0.167708 0.227344 0.002083 0.001563
0 0.628125 0.103125 0.002083 0.003125
0 0.614583 0.107031 0.008333 0.010937
0 0.694792 0.101562 0.002083 0.003125
0 0.687500 0.096875 0.016667 0.015625
0 0.559375 0.100781 0.093750 0.026562
0 0.818750 0.060156 0.004167 0.001563
0 0.444792 0.513281 0.889583 0.960938
0 0.333333 0.929688 0.004167 0.006250
0 0.433333 0.916406 0.004167 0.001563
0 0.737500 0.836719 0.012500 0.017188
0 0.722917 0.790625 0.020833 0.009375
0 0.735417 0.778125 0.008333 0.009375
0 0.719792 0.679688 0.006250 0.003125
0 0.378125 0.559375 0.689583 0.878125
0 0.442708 0.991406 0.006250 0.010937
0 0.438542 0.972656 0.010417 0.017188
0 0.438542 0.959375 0.006250 0.003125
0 0.439583 0.951562 0.004167 0.006250
0 0.443750 0.932031 0.004167 0.004687
0 0.795833 0.954688 0.087500 0.062500
0 0.705208 0.931250 0.052083 0.125000
0 0.694792 0.864062 0.002083 0.006250
0 0.706250 0.850000 0.004167 0.006250
0 0.716667 0.816406 0.004167 0.004687
0 0.734375 0.804688 0.002083 0.003125
0 0.700000 0.801562 0.020833 0.112500
0 0.700000 0.712500 0.016667 0.056250
0 0.734375 0.527344 0.002083 0.004687
0 0.727083 0.485938 0.004167 0.003125
0 0.710417 0.468750 0.008333 0.015625
0 0.757292 0.428906 0.002083 0.001563
0 0.727083 0.441406 0.033333 0.029687
0 0.733333 0.359375 0.033333 0.012500
0 0.744792 0.339062 0.010417 0.006250
0 0.727083 0.339062 0.012500 0.006250
0 0.765625 0.333594 0.010417 0.007812
0 0.740625 0.239063 0.010417 0.012500
0 0.763542 0.228125 0.002083 0.003125
0 0.447917 0.512500 0.895833 0.962500
