0 0.206250 0.980469 0.016667 0.029687
0 0.237500 0.906250 0.008333 0.015625
0 0.181250 0.886719 0.004167 0.004687
0 0.208333 0.874219 0.004167 0.004687
0 0.195833 0.850000 0.008333 0.009375
0 0.214583 0.846875 0.016667 0.006250
0 0.139583 0.857812 0.004167 0.028125
0 0.241667 0.832031 0.004167 0.004687
0 0.180208 0.824219 0.002083 0.004687
0 0.192708 0.821875 0.006250 0.012500
0 0.171875 0.817187 0.002083 0.006250
0 0.166667 0.799219 0.058333 0.026562
0 0.134375 0.795312 0.002083 0.021875
0 0.234375 0.782031 0.002083 0.001563
0 0.200000 0.776563 0.004167 0.009375
0 0.211458 0.764062 0.014583 0.006250
0 0.164583 0.748437 0.008333 0.006250
0 0.182292 0.750781 0.014583 0.017188
0 0.144792 0.757031 0.014583 0.048438
0 0.207292 0.717969 0.002083 0.010937
0 0.219792 0.711719 0.002083 0.001563
0 0.217708 0.698438 0.010417 0.018750
0 0.164583 0.689844 0.008333 0.007812
0 0.165625 0.682031 0.002083 0.001563
0 0.247917 0.666406 0.004167 0.004687
0 0.147917 0.695312 0.016667 0.065625
0 0.208333 0.664844 0.012500 0.014063
0 0.221875 0.610156 0.010417 0.017188
0 0.151042 0.613281 0.010417 0.039062
0 0.252083 0.538281 0.012500 0.007812
0 0.219792 0.532031 0.002083 0.001563
0 0.179167 0.554688 0.058333 0.059375
0 0.230208 0.484375 0.002083 0.003125
0 0.162500 0.495312 0.020833 0.050000
0 0.205208 0.469531 0.014583 0.014063
0 0.207292 0.389844 0.002083 0.007812
0 0.182292 0.409375 0.047917 0.090625
0 0.221875 0.373437 0.006250 0.034375
0 0.193750 0.357031 0.004167 0.014063
0 0.194792 0.344531 0.002083 0.001563
0 0.213542 0.345313 0.018750 0.009375
0 0.247917 0.326562 0.004167 0.009375
0 0.232292 0.335938 0.014583 0.028125
0 0.206250 0.318750 0.004167 0.006250
0 0.185417 0.312500 0.037500 0.062500
0 0.229167 0.297656 0.050000 0.042188
0 0.257292 0.568750 0.168750 0.859375
0 0.844792 0.521094 0.002083 0.001563
0 0.703125 0.520312 0.002083 0.003125
0 0.528125 0.513281 0.002083 0.004687
0 0.756250 0.264844 0.475000 0.529687
0 0.384375 0.639844 0.156250 0.676562
