0 0.740625 0.983594 0.002083 0.010937
0 0.005208 0.771094 0.002083 0.004687
0 0.240625 0.662500 0.002083 0.003125
0 0.254167 0.657031 0.004167 0.007812
0 0.311458 0.650000 0.010417 0.006250
0 0.296875 0.648438 0.002083 0.003125
0 0.269792 0.646875 0.006250 0.003125
0 0.288542 0.639062 0.010417 0.018750
0 0.307292 0.621094 0.027083 0.039062
0 0.272917 0.591406 0.004167 0.001563
0 0.265625 0.463281 0.002083 0.001563
0 0.229167 0.441406 0.004167 0.004687
0 0.243750 0.407813 0.029167 0.015625
0 0.266667 0.396875 0.016667 0.018750
0 0.438542 0.501563 0.877083 0.987500
0 0.414583 0.547656 0.716667 0.901563
0 0.476042 0.978906 0.014583 0.023438
0 0.711458 0.780469 0.010417 0.010937
0 0.950000 0.046094 0.004167 0.007812
0 0.481250 0.502344 0.962500 0.992188
