0 0.528125 0.762500 0.002083 0.003125
0 0.707292 0.235937 0.010417 0.006250
0 0.702083 0.132031 0.008333 0.007812
0 0.566667 0.561719 0.304167 0.873437
0 0.518750 0.939844 0.016667 0.107813
0 0.533333 0.641406 0.104167 0.707812
0 0.467708 0.758594 0.085417 0.473438
0 0.453125 0.481250 0.064583 0.053125
0 0.451042 0.389062 0.068750 0.118750
0 0.666667 0.277344 0.004167 0.004687
0 0.430208 0.296094 0.031250 0.067187
0 0.463542 0.238281 0.064583 0.045312
0 0.625000 0.203906 0.004167 0.004687
0 0.540625 0.193750 0.056250 0.031250
0 0.578125 0.174219 0.002083 0.001563
0 0.667708 0.173437 0.006250 0.018750
0 0.600000 0.160938 0.037500 0.028125
0 0.691667 0.550781 0.137500 0.895312
