0 0.970833 0.993750 0.008333 0.003125
0 0.936458 0.971875 0.002083 0.003125
0 0.985417 0.964844 0.004167 0.010937
0 0.969792 0.962500 0.006250 0.006250
0 0.930208 0.953906 0.006250 0.010937
0 0.970833 0.942187 0.016667 0.018750
0 0.951042 0.917188 0.002083 0.006250
0 0.926042 0.929688 0.022917 0.031250
0 0.916667 0.896094 0.004167 0.029687
0 0.925000 0.844531 0.008333 0.010937
0 0.569792 0.832812 0.002083 0.003125
0 0.936458 0.719531 0.002083 0.010937
0 0.581250 0.704688 0.008333 0.037500
0 0.952083 0.670312 0.020833 0.034375
0 0.963542 0.636719 0.002083 0.007812
0 0.962500 0.622656 0.008333 0.014063
0 0.584375 0.630469 0.010417 0.064062
0 0.964583 0.599219 0.004167 0.004687
0 0.955208 0.600000 0.010417 0.009375
0 0.952083 0.582031 0.004167 0.020313
0 0.962500 0.571875 0.004167 0.003125
0 0.962500 0.563281 0.004167 0.001563
0 0.592708 0.557813 0.010417 0.040625
0 0.970833 0.527344 0.025000 0.039062
0 0.594792 0.488281 0.010417 0.067187
0 0.981250 0.448437 0.025000 0.084375
0 0.590625 0.376563 0.002083 0.015625
0 0.593750 0.356250 0.008333 0.009375
0 0.583333 0.355469 0.012500 0.020313
0 0.986458 0.345313 0.014583 0.078125
0 0.990625 0.296875 0.006250 0.009375
0 0.991667 0.273438 0.004167 0.015625
0 0.788542 0.271094 0.418750 0.142187
0 0.954167 0.626563 0.087500 0.743750
0 0.956250 0.992969 0.008333 0.001563
0 0.944792 0.994531 0.006250 0.007812
0 0.981250 0.985938 0.033333 0.015625
0 0.953125 0.952344 0.002083 0.001563
0 0.956250 0.614844 0.083333 0.720313
0 0.777083 0.527344 0.441667 0.657813
