0 0.397917 0.642188 0.191667 0.712500
0 0.734375 0.960156 0.002083 0.004687
0 0.784375 0.955469 0.031250 0.042188
0 0.773958 0.930469 0.006250 0.014063
0 0.784375 0.915625 0.002083 0.003125
0 0.796875 0.914844 0.006250 0.004687
0 0.714583 0.903125 0.008333 0.003125
0 0.735417 0.886719 0.016667 0.017188
0 0.794792 0.863281 0.014583 0.029687
0 0.731250 0.832031 0.004167 0.004687
0 0.769792 0.822656 0.014583 0.014063
0 0.728125 0.818750 0.002083 0.006250
0 0.750000 0.824219 0.016667 0.026562
0 0.795833 0.810937 0.008333 0.012500
0 0.814583 0.782031 0.008333 0.014063
0 0.801042 0.745313 0.035417 0.031250
0 0.779167 0.700781 0.004167 0.004687
0 0.817708 0.696875 0.002083 0.003125
0 0.201042 0.571094 0.052083 0.195312
0 0.805208 0.323437 0.002083 0.003125
0 0.812500 0.314063 0.004167 0.003125
0 0.798958 0.314063 0.002083 0.003125
0 0.845833 0.310937 0.004167 0.003125
0 0.808333 0.307031 0.012500 0.001563
0 0.845833 0.300781 0.020833 0.004687
0 0.702083 0.002344 0.016667 0.004687
0 0.400000 0.225000 0.408333 0.450000
