0 0.719792 0.665625 0.018750 0.006250
0 0.721875 0.643750 0.002083 0.006250
0 0.722917 0.588281 0.016667 0.026562
0 0.730208 0.497656 0.002083 0.001563
0 0.716667 0.351562 0.016667 0.009375
0 0.733333 0.341406 0.008333 0.026562
0 0.728125 0.292187 0.018750 0.006250
0 0.496875 0.614062 0.477083 0.768750
0 0.711458 0.712500 0.052083 0.571875
0 0.720833 0.328906 0.045833 0.220312
0 0.291667 0.223438 0.008333 0.009375
0 0.271875 0.223438 0.010417 0.012500
0 0.248958 0.607812 0.089583 0.781250
0 0.321875 0.221875 0.022917 0.015625
0 0.667708 0.212500 0.002083 0.003125
0 0.673958 0.217969 0.031250 0.017188
0 0.641667 0.214062 0.025000 0.025000
0 0.340625 0.200781 0.002083 0.004687
0 0.311458 0.199219 0.002083 0.001563
0 0.648958 0.196094 0.002083 0.001563
0 0.473958 0.213281 0.293750 0.035937
