0 0.673958 0.644531 0.006250 0.007812
0 0.680208 0.614062 0.002083 0.003125
0 0.682292 0.589063 0.010417 0.003125
0 0.683333 0.550781 0.012500 0.045312
0 0.689583 0.512500 0.012500 0.018750
0 0.692708 0.479687 0.014583 0.034375
0 0.692708 0.446875 0.006250 0.009375
0 0.659375 0.398438 0.014583 0.012500
0 0.696875 0.387500 0.010417 0.046875
0 0.652083 0.370312 0.033333 0.025000
0 0.707292 0.322656 0.006250 0.010937
0 0.647917 0.295312 0.004167 0.003125
0 0.708333 0.302344 0.008333 0.020313
0 0.645833 0.289062 0.004167 0.003125
0 0.710417 0.275781 0.008333 0.017188
0 0.711458 0.257031 0.002083 0.004687
0 0.703125 0.244531 0.022917 0.014063
0 0.552083 0.178125 0.008333 0.009375
0 0.712500 0.127344 0.008333 0.010937
0 0.505208 0.434375 0.443750 0.659375
0 0.835417 0.639844 0.004167 0.007812
0 0.968750 0.523438 0.058333 0.543750
0 0.842708 0.396875 0.310417 0.562500
