0 0.393750 0.503125 0.383333 0.687500
0 0.161458 0.849219 0.006250 0.007812
0 0.143750 0.821094 0.020833 0.010937
0 0.173958 0.622656 0.002083 0.001563
0 0.152083 0.628906 0.029167 0.048438
0 0.140625 0.596875 0.002083 0.006250
0 0.152083 0.546094 0.004167 0.001563
0 0.146875 0.484375 0.002083 0.006250
0 0.147917 0.477344 0.004167 0.001563
0 0.151042 0.458594 0.006250 0.004687
0 0.173958 0.443750 0.014583 0.006250
0 0.146875 0.453906 0.018750 0.057813
0 0.156250 0.389062 0.016667 0.006250
0 0.152083 0.373437 0.004167 0.003125
0 0.148958 0.301563 0.006250 0.009375
0 0.152083 0.194531 0.004167 0.004687
0 0.372917 0.503125 0.479167 0.762500
