0 0.743750 0.499219 0.212500 0.998437
0 0.275000 0.339844 0.362500 0.679688
0 0.729167 0.957031 0.016667 0.004687
0 0.679167 0.939063 0.029167 0.118750
0 0.697917 0.846094 0.008333 0.004687
0 0.679167 0.852344 0.012500 0.039062
0 0.684375 0.679688 0.018750 0.300000
0 0.693750 0.508594 0.004167 0.032813
0 0.750000 0.452344 0.004167 0.007812
0 0.696875 0.421875 0.010417 0.046875
0 0.730208 0.383594 0.002083 0.001563
0 0.700000 0.357031 0.004167 0.004687
0 0.701042 0.348438 0.002083 0.003125
0 0.705208 0.246875 0.002083 0.009375
0 0.709375 0.160156 0.002083 0.001563
0 0.711458 0.145313 0.006250 0.021875
0 0.777083 0.499219 0.154167 0.998437
0 0.718750 0.023438 0.008333 0.046875
0 0.401042 0.341406 0.185417 0.682813
0 0.291667 0.002344 0.016667 0.004687
0 0.268750 0.001563 0.004167 0.003125
0 0.244792 0.001563 0.035417 0.003125
0 0.200000 0.001563 0.033333 0.003125
0 0.090625 0.339844 0.043750 0.679688
