0 0.532292 0.497656 0.218750 0.654687
0 0.669792 0.546094 0.106250 0.904687
0 0.623958 0.861719 0.006250 0.010937
0 0.646875 0.839844 0.002083 0.004687
0 0.633333 0.842969 0.016667 0.010937
0 0.341667 0.794531 0.037500 0.029687
0 0.332292 0.742969 0.052083 0.070312
0 0.316667 0.700781 0.004167 0.004687
0 0.338542 0.700781 0.027083 0.026562
0 0.346875 0.685156 0.002083 0.004687
0 0.328125 0.678906 0.002083 0.004687
0 0.334375 0.639844 0.014583 0.017188
0 0.326042 0.624219 0.002083 0.004687
0 0.338542 0.621094 0.002083 0.007812
0 0.338542 0.612500 0.002083 0.003125
0 0.326042 0.600781 0.006250 0.014063
0 0.339583 0.600000 0.012500 0.015625
0 0.348958 0.588281 0.002083 0.001563
0 0.344792 0.576562 0.014583 0.006250
0 0.339583 0.568750 0.004167 0.006250
0 0.338542 0.560937 0.002083 0.003125
0 0.325000 0.564063 0.004167 0.012500
0 0.317708 0.555469 0.006250 0.004687
0 0.351042 0.542188 0.006250 0.003125
0 0.353125 0.529687 0.006250 0.009375
0 0.428125 0.523438 0.002083 0.009375
0 0.335417 0.463281 0.004167 0.001563
0 0.292708 0.463281 0.002083 0.001563
0 0.344792 0.458594 0.006250 0.007812
0 0.330208 0.484375 0.064583 0.068750
0 0.258333 0.417969 0.004167 0.004687
0 0.328125 0.414844 0.002083 0.001563
0 0.336458 0.428125 0.031250 0.040625
0 0.271875 0.372656 0.006250 0.004687
0 0.284375 0.359375 0.006250 0.006250
0 0.303125 0.354687 0.006250 0.009375
0 0.436458 0.345313 0.010417 0.009375
0 0.287500 0.345313 0.008333 0.012500
0 0.293750 0.334375 0.004167 0.003125
0 0.319792 0.327344 0.056250 0.154688
0 0.338542 0.254688 0.018750 0.015625
0 0.486458 0.239844 0.006250 0.004687
0 0.335417 0.239844 0.004167 0.004687
0 0.633333 0.234375 0.004167 0.006250
0 0.665625 0.226562 0.002083 0.006250
0 0.590625 0.219531 0.002083 0.001563
0 0.333333 0.217969 0.008333 0.020313
0 0.530208 0.210156 0.010417 0.007812
0 0.507292 0.210938 0.027083 0.012500
0 0.485417 0.199219 0.004167 0.001563
0 0.513542 0.198437 0.002083 0.003125
0 0.505208 0.194531 0.002083 0.001563
0 0.672917 0.195312 0.004167 0.009375
0 0.304167 0.189844 0.012500 0.004687
0 0.351042 0.198437 0.014583 0.025000
0 0.664583 0.185938 0.004167 0.003125
0 0.330208 0.188281 0.014583 0.007812
0 0.236458 0.588281 0.068750 0.814063
0 0.537500 0.178125 0.004167 0.003125
0 0.569792 0.545312 0.302083 0.900000
