0 0.331250 0.918750 0.004167 0.012500
0 0.344792 0.907031 0.006250 0.014063
0 0.340625 0.839844 0.002083 0.004687
0 0.342708 0.803125 0.002083 0.003125
0 0.332292 0.813281 0.006250 0.023438
0 0.322917 0.790625 0.012500 0.009375
0 0.322917 0.774219 0.020833 0.014063
0 0.318750 0.721094 0.004167 0.004687
0 0.328125 0.714063 0.006250 0.003125
0 0.319792 0.609375 0.002083 0.012500
0 0.344792 0.539062 0.002083 0.003125
0 0.321875 0.532031 0.002083 0.001563
0 0.326042 0.511719 0.018750 0.014063
0 0.326042 0.492188 0.002083 0.003125
0 0.342708 0.468750 0.002083 0.003125
0 0.328125 0.469531 0.010417 0.010937
0 0.341667 0.453906 0.004167 0.007812
0 0.318750 0.431250 0.004167 0.006250
0 0.327083 0.408594 0.012500 0.004687
0 0.386458 0.639844 0.143750 0.717187
0 0.345833 0.646875 0.004167 0.018750
0 0.594792 0.271094 0.002083 0.001563
0 0.612500 0.590625 0.695833 0.815625
