0 0.244792 0.632812 0.389583 0.731250
0 0.447917 0.992188 0.004167 0.006250
0 0.456250 0.987500 0.004167 0.012500
0 0.448958 0.975000 0.002083 0.003125
0 0.452083 0.964063 0.016667 0.006250
0 0.446875 0.935937 0.010417 0.018750
0 0.456250 0.887500 0.033333 0.046875
0 0.458333 0.845313 0.037500 0.028125
0 0.446875 0.800781 0.014583 0.026562
0 0.448958 0.747656 0.022917 0.064062
0 0.440625 0.703906 0.002083 0.007812
0 0.495833 0.711719 0.037500 0.082812
0 0.487500 0.669531 0.025000 0.014063
0 0.489583 0.657031 0.004167 0.001563
0 0.450000 0.669531 0.020833 0.026562
0 0.476042 0.614844 0.002083 0.001563
0 0.450000 0.621875 0.025000 0.015625
0 0.501042 0.408594 0.027083 0.020313
0 0.512500 0.388281 0.004167 0.007812
0 0.554167 0.567187 0.291667 0.700000
