0 0.583333 0.958594 0.004167 0.004687
0 0.590625 0.932813 0.018750 0.028125
0 0.583333 0.903125 0.008333 0.009375
0 0.567708 0.875000 0.002083 0.006250
0 0.593750 0.860938 0.008333 0.009375
0 0.573958 0.817187 0.022917 0.006250
0 0.590625 0.799219 0.027083 0.020313
0 0.584375 0.743750 0.043750 0.028125
0 0.750000 0.484375 0.008333 0.006250
0 0.722917 0.482031 0.008333 0.007812
0 0.705208 0.450000 0.052083 0.050000
0 0.703125 0.372656 0.002083 0.001563
0 0.687500 0.375000 0.016667 0.006250
0 0.694792 0.363281 0.002083 0.004687
0 0.685417 0.360938 0.008333 0.003125
0 0.707292 0.351562 0.006250 0.003125
0 0.702083 0.610156 0.279167 0.773438
