0 0.691667 0.903125 0.008333 0.009375
0 0.684375 0.885156 0.006250 0.004687
0 0.721875 0.882031 0.002083 0.001563
0 0.676042 0.878906 0.002083 0.014063
0 0.700000 0.859375 0.004167 0.003125
0 0.751042 0.857812 0.002083 0.003125
0 0.665625 0.843750 0.006250 0.012500
0 0.788542 0.831250 0.010417 0.009375
0 0.816667 0.829688 0.029167 0.012500
0 0.747917 0.825781 0.004167 0.004687
0 0.755208 0.817969 0.018750 0.010937
0 0.729167 0.837500 0.020833 0.053125
0 0.821875 0.799219 0.002083 0.001563
0 0.682292 0.807813 0.047917 0.028125
0 0.750000 0.793750 0.004167 0.006250
0 0.694792 0.789844 0.002083 0.001563
0 0.693750 0.782813 0.004167 0.003125
0 0.673958 0.762500 0.002083 0.003125
0 0.814583 0.735156 0.004167 0.004687
0 0.815625 0.756250 0.039583 0.046875
0 0.757292 0.713281 0.002083 0.001563
0 0.671875 0.690625 0.002083 0.003125
0 0.821875 0.679688 0.002083 0.003125
0 0.804167 0.679688 0.008333 0.006250
0 0.690625 0.682813 0.018750 0.012500
0 0.771875 0.671875 0.002083 0.003125
0 0.671875 0.677344 0.006250 0.014063
0 0.819792 0.667969 0.002083 0.007812
0 0.669792 0.623437 0.006250 0.006250
0 0.794792 0.623437 0.014583 0.009375
0 0.721875 0.632812 0.035417 0.037500
0 0.667708 0.615625 0.002083 0.003125
0 0.691667 0.614844 0.008333 0.004687
0 0.650000 0.607812 0.008333 0.003125
0 0.791667 0.597656 0.004167 0.004687
0 0.802083 0.596094 0.008333 0.007812
0 0.689583 0.581250 0.004167 0.006250
0 0.718750 0.555469 0.008333 0.007812
0 0.756250 0.601562 0.058333 0.128125
0 0.666667 0.538281 0.012500 0.001563
0 0.718750 0.539062 0.008333 0.009375
0 0.811458 0.533594 0.006250 0.004687
0 0.665625 0.528906 0.006250 0.007812
0 0.721875 0.521875 0.002083 0.003125
0 0.736458 0.514062 0.002083 0.006250
0 0.730208 0.510938 0.002083 0.003125
0 0.720833 0.496094 0.008333 0.032813
0 0.730208 0.466406 0.014583 0.017188
0 0.682292 0.446094 0.010417 0.007812
0 0.798958 0.407813 0.002083 0.003125
0 0.756250 0.405469 0.004167 0.007812
0 0.825000 0.401562 0.004167 0.003125
0 0.679167 0.403906 0.004167 0.007812
0 0.757292 0.393750 0.002083 0.003125
0 0.737500 0.664062 0.379167 0.668750
0 0.770833 0.645312 0.454167 0.706250
