0 0.692708 0.578125 0.110417 0.840625
0 0.237500 0.578125 0.083333 0.840625
0 0.253125 0.992969 0.010417 0.001563
0 0.721875 0.990625 0.006250 0.006250
0 0.263542 0.985156 0.002083 0.004687
0 0.267708 0.978906 0.006250 0.004687
0 0.252083 0.960938 0.004167 0.009375
0 0.264583 0.951562 0.004167 0.003125
0 0.664583 0.944531 0.012500 0.007812
0 0.251042 0.933594 0.002083 0.004687
0 0.239583 0.862500 0.004167 0.003125
0 0.229167 0.847656 0.004167 0.004687
0 0.263542 0.839063 0.002083 0.003125
0 0.250000 0.846875 0.020833 0.018750
0 0.256250 0.720313 0.020833 0.015625
0 0.720833 0.678906 0.008333 0.010937
0 0.230208 0.607031 0.022917 0.010937
0 0.715625 0.596094 0.002083 0.004687
0 0.222917 0.512500 0.004167 0.006250
0 0.214583 0.510938 0.004167 0.009375
0 0.232292 0.496875 0.014583 0.012500
0 0.718750 0.495312 0.008333 0.012500
0 0.210417 0.487500 0.004167 0.009375
0 0.247917 0.470313 0.004167 0.003125
0 0.236458 0.400781 0.002083 0.001563
0 0.716667 0.323437 0.004167 0.025000
0 0.720833 0.242188 0.012500 0.006250
0 0.195833 0.223438 0.004167 0.009375
0 0.197917 0.208594 0.004167 0.004687
0 0.476042 0.178125 0.002083 0.006250
0 0.730208 0.178125 0.010417 0.012500
0 0.603125 0.176563 0.006250 0.009375
0 0.395833 0.174219 0.004167 0.004687
0 0.364583 0.174219 0.004167 0.004687
0 0.351042 0.173437 0.006250 0.003125
0 0.421875 0.177344 0.018750 0.014063
0 0.365625 0.160156 0.002083 0.001563
0 0.204167 0.159375 0.004167 0.006250
0 0.472917 0.545312 0.666667 0.906250
0 0.472917 0.544531 0.670833 0.907813
