0 0.432292 0.562500 0.072917 0.259375
0 0.800000 0.670312 0.100000 0.656250
0 0.190625 0.994531 0.010417 0.007812
0 0.138542 0.987500 0.002083 0.006250
0 0.169792 0.930469 0.010417 0.004687
0 0.205208 0.934375 0.010417 0.015625
0 0.186458 0.913281 0.006250 0.007812
0 0.152083 0.914844 0.037500 0.039062
0 0.235417 0.838281 0.004167 0.004687
0 0.364583 0.822656 0.012500 0.010937
0 0.243750 0.824219 0.008333 0.017188
0 0.248958 0.803125 0.018750 0.015625
0 0.369792 0.742969 0.010417 0.023438
0 0.247917 0.733594 0.029167 0.095312
0 0.171875 0.783594 0.064583 0.195312
0 0.192708 0.670312 0.006250 0.009375
0 0.136458 0.665625 0.002083 0.003125
0 0.382292 0.642188 0.002083 0.003125
0 0.159375 0.624219 0.002083 0.004687
0 0.385417 0.590625 0.008333 0.012500
0 0.393750 0.538281 0.012500 0.017188
0 0.153125 0.527344 0.006250 0.023438
0 0.231250 0.511719 0.008333 0.004687
0 0.210417 0.505469 0.012500 0.010937
0 0.280208 0.485938 0.014583 0.009375
0 0.291667 0.470313 0.004167 0.015625
0 0.195833 0.554688 0.083333 0.228125
0 0.403125 0.432812 0.002083 0.003125
0 0.198958 0.423438 0.002083 0.003125
0 0.304167 0.374219 0.004167 0.004687
0 0.158333 0.377344 0.016667 0.029687
0 0.202083 0.603906 0.404167 0.789062
0 0.779167 0.990625 0.012500 0.015625
0 0.758333 0.925781 0.008333 0.020313
0 0.768750 0.904687 0.008333 0.009375
0 0.782292 0.915625 0.031250 0.075000
0 0.771875 0.859375 0.002083 0.003125
0 0.792708 0.853125 0.018750 0.034375
0 0.364583 0.822656 0.020833 0.035937
0 0.796875 0.810937 0.014583 0.021875
0 0.368750 0.789062 0.012500 0.018750
0 0.794792 0.785156 0.014583 0.020313
0 0.777083 0.780469 0.004167 0.010937
0 0.781250 0.734375 0.004167 0.009375
0 0.361458 0.725781 0.006250 0.007812
0 0.802083 0.733594 0.016667 0.042188
0 0.373958 0.715625 0.031250 0.118750
0 0.811458 0.672656 0.014583 0.035937
0 0.385417 0.614062 0.016667 0.028125
0 0.822917 0.567969 0.008333 0.014063
0 0.398958 0.492969 0.018750 0.023438
0 0.831250 0.482031 0.004167 0.010937
0 0.404167 0.387500 0.016667 0.006250
0 0.844792 0.391406 0.006250 0.026562
0 0.620833 0.301563 0.483333 0.037500
