0 0.513542 0.613281 0.227083 0.617188
0 0.485417 0.860938 0.008333 0.009375
0 0.511458 0.819531 0.006250 0.004687
0 0.537500 0.760156 0.012500 0.010937
0 0.548958 0.715625 0.006250 0.003125
0 0.538542 0.703906 0.010417 0.014063
0 0.526042 0.356250 0.010417 0.015625
0 0.481250 0.610938 0.358333 0.700000
0 0.372917 0.624219 0.012500 0.004687
0 0.369792 0.578906 0.014583 0.017188
0 0.379167 0.540625 0.020833 0.018750
0 0.352083 0.507031 0.004167 0.001563
0 0.383333 0.469531 0.004167 0.007812
0 0.481250 0.612500 0.358333 0.706250
