0 0.687500 0.423438 0.004167 0.006250
0 0.673958 0.373437 0.002083 0.003125
0 0.667708 0.375781 0.002083 0.007812
0 0.682292 0.346875 0.002083 0.006250
0 0.632292 0.663281 0.118750 0.667188
0 0.601042 0.931250 0.027083 0.034375
0 0.583333 0.915625 0.004167 0.006250
0 0.582292 0.823438 0.010417 0.021875
0 0.625000 0.769531 0.004167 0.004687
0 0.594792 0.730469 0.002083 0.001563
0 0.581250 0.727344 0.004167 0.004687
0 0.646875 0.713281 0.002083 0.001563
0 0.608333 0.734375 0.041667 0.062500
0 0.577083 0.682031 0.004167 0.001563
0 0.308333 0.579688 0.008333 0.012500
0 0.504167 0.638281 0.375000 0.720313
