0 0.412500 0.825781 0.037500 0.045312
0 0.396875 0.800000 0.002083 0.006250
0 0.401042 0.772656 0.010417 0.029687
0 0.402083 0.735156 0.004167 0.004687
0 0.451042 0.707812 0.018750 0.006250
0 0.421875 0.693750 0.002083 0.003125
0 0.409375 0.673438 0.018750 0.081250
0 0.405208 0.613281 0.002083 0.007812
0 0.411458 0.572656 0.010417 0.057813
0 0.414583 0.527344 0.008333 0.014063
0 0.417708 0.473438 0.014583 0.050000
0 0.425000 0.410938 0.012500 0.025000
0 0.427083 0.372656 0.008333 0.035937
0 0.486458 0.542188 0.127083 0.606250
0 0.598958 0.578906 0.122917 0.454688
