0 0.913542 0.649219 0.168750 0.698438
0 0.540625 0.936719 0.002083 0.004687
0 0.538542 0.703906 0.002083 0.004687
0 0.651042 0.651563 0.006250 0.018750
0 0.553125 0.634375 0.006250 0.006250
0 0.617708 0.563281 0.002083 0.001563
0 0.580208 0.567187 0.006250 0.009375
0 0.595833 0.506250 0.004167 0.003125
0 0.620833 0.531250 0.050000 0.068750
0 0.590625 0.427344 0.002083 0.001563
0 0.629167 0.446094 0.054167 0.054688
0 0.621875 0.414062 0.035417 0.003125
0 0.636458 0.375781 0.006250 0.014063
0 0.609375 0.372656 0.018750 0.010937
0 0.623958 0.350000 0.002083 0.003125
0 0.620833 0.332031 0.004167 0.004687
0 0.593750 0.657031 0.133333 0.682813
0 0.913542 0.649219 0.168750 0.698438
