0 0.648958 0.509375 0.110417 0.246875
0 0.276042 0.535156 0.239583 0.926562
0 0.723958 0.539062 0.077083 0.378125
0 0.788542 0.985156 0.006250 0.001563
0 0.203125 0.987500 0.006250 0.006250
0 0.172917 0.987500 0.033333 0.021875
0 0.191667 0.975000 0.012500 0.012500
0 0.889583 0.976562 0.037500 0.037500
0 0.841667 0.962500 0.025000 0.015625
0 0.173958 0.950781 0.002083 0.004687
0 0.777083 0.943750 0.004167 0.006250
0 0.788542 0.912500 0.010417 0.012500
0 0.829167 0.901563 0.012500 0.006250
0 0.872917 0.846094 0.004167 0.004687
0 0.816667 0.853906 0.037500 0.020313
0 0.191667 0.874219 0.054167 0.117188
0 0.218750 0.806250 0.004167 0.003125
0 0.207292 0.801562 0.010417 0.012500
0 0.182292 0.794531 0.002083 0.007812
0 0.189583 0.793750 0.004167 0.009375
0 0.804167 0.776563 0.004167 0.006250
0 0.187500 0.778125 0.004167 0.012500
0 0.217708 0.751563 0.039583 0.050000
0 0.927083 0.579688 0.141667 0.750000
0 0.995833 0.185156 0.004167 0.007812
0 0.595833 0.378906 0.804167 0.679688
0 0.722917 0.538281 0.083333 0.385937
