0 0.632292 0.643750 0.181250 0.709375
0 0.646875 0.716406 0.002083 0.001563
0 0.658333 0.700781 0.004167 0.004687
0 0.703125 0.676562 0.006250 0.006250
0 0.602083 0.681250 0.050000 0.050000
0 0.630208 0.627344 0.002083 0.004687
0 0.618750 0.623437 0.012500 0.015625
0 0.625000 0.597656 0.008333 0.014063
0 0.606250 0.600000 0.012500 0.018750
0 0.580208 0.591406 0.002083 0.001563
0 0.592708 0.594531 0.006250 0.010937
0 0.604167 0.575781 0.008333 0.004687
0 0.591667 0.575000 0.008333 0.009375
0 0.633333 0.573438 0.004167 0.012500
0 0.580208 0.564063 0.006250 0.003125
0 0.662500 0.546875 0.004167 0.003125
0 0.627083 0.518750 0.016667 0.006250
0 0.655208 0.489844 0.010417 0.014063
0 0.652083 0.421094 0.004167 0.004687
0 0.600000 0.416406 0.004167 0.004687
0 0.647917 0.395313 0.033333 0.031250
0 0.615625 0.374219 0.006250 0.004687
0 0.642708 0.365625 0.018750 0.009375
0 0.526042 0.625781 0.460417 0.745313
