0 0.570833 0.667969 0.408333 0.660937
0 0.378125 0.953906 0.022917 0.079687
0 0.429167 0.944531 0.033333 0.107813
0 0.377083 0.852344 0.016667 0.089063
0 0.372917 0.797656 0.004167 0.004687
0 0.436458 0.749219 0.010417 0.004687
0 0.425000 0.814844 0.037500 0.139063
0 0.380208 0.719531 0.022917 0.123438
0 0.427083 0.669531 0.029167 0.120313
0 0.375000 0.499219 0.004167 0.007812
0 0.375000 0.475781 0.004167 0.010937
0 0.437500 0.473438 0.008333 0.012500
0 0.436458 0.457031 0.006250 0.010937
0 0.537500 0.429688 0.012500 0.003125
0 0.519792 0.429688 0.006250 0.003125
0 0.500000 0.430469 0.004167 0.004687
0 0.589583 0.425000 0.020833 0.009375
0 0.576042 0.667188 0.414583 0.662500
