0 0.147917 0.626563 0.012500 0.012500
0 0.260417 0.612500 0.004167 0.006250
0 0.231250 0.603906 0.008333 0.010937
0 0.143750 0.596094 0.004167 0.007812
0 0.236458 0.589844 0.002083 0.004687
0 0.190625 0.594531 0.027083 0.017188
0 0.159375 0.592187 0.022917 0.028125
0 0.152083 0.573438 0.004167 0.003125
0 0.131250 0.554688 0.004167 0.003125
0 0.141667 0.553906 0.008333 0.004687
0 0.290625 0.566406 0.035417 0.042188
0 0.275000 0.541406 0.008333 0.004687
0 0.104167 0.539844 0.004167 0.001563
0 0.290625 0.537500 0.006250 0.006250
0 0.318750 0.534375 0.004167 0.003125
0 0.283333 0.525000 0.033333 0.012500
0 0.064583 0.550000 0.025000 0.075000
0 0.232292 0.507031 0.002083 0.001563
0 0.096875 0.493750 0.002083 0.009375
0 0.140625 0.515625 0.039583 0.059375
0 0.057292 0.478906 0.002083 0.004687
0 0.290625 0.479687 0.002083 0.021875
0 0.077083 0.488281 0.029167 0.042188
0 0.271875 0.464062 0.002083 0.003125
0 0.108333 0.467969 0.050000 0.020313
0 0.257292 0.446875 0.002083 0.006250
0 0.075000 0.452344 0.016667 0.023438
0 0.254167 0.437500 0.008333 0.003125
0 0.101042 0.444531 0.027083 0.017188
0 0.266667 0.441406 0.008333 0.014063
0 0.309375 0.448437 0.043750 0.034375
0 0.268750 0.428125 0.008333 0.003125
0 0.209375 0.494531 0.102083 0.164062
0 0.285417 0.402344 0.012500 0.004687
0 0.070833 0.414844 0.016667 0.042188
0 0.157292 0.361719 0.002083 0.001563
0 0.216667 0.369531 0.066667 0.042188
0 0.210417 0.627344 0.366667 0.695312
0 0.032292 0.882031 0.014583 0.085938
0 0.032292 0.824219 0.002083 0.001563
0 0.035417 0.779687 0.012500 0.068750
0 0.038542 0.733594 0.006250 0.014063
0 0.041667 0.682031 0.004167 0.017188
0 0.053125 0.593750 0.027083 0.153125
0 0.063542 0.415625 0.027083 0.187500
0 0.242708 0.624219 0.368750 0.698438
