0 0.561458 0.569531 0.189583 0.857812
0 0.603125 0.995313 0.010417 0.006250
0 0.893750 0.921094 0.008333 0.001563
0 0.608333 0.932031 0.020833 0.067187
0 0.875000 0.749219 0.004167 0.004687
0 0.601042 0.721875 0.002083 0.003125
0 0.907292 0.811719 0.064583 0.301563
0 0.928125 0.570312 0.006250 0.021875
0 0.926042 0.542188 0.002083 0.015625
0 0.928125 0.520312 0.006250 0.021875
0 0.609375 0.460938 0.010417 0.015625
0 0.611458 0.443750 0.002083 0.003125
0 0.929167 0.421094 0.012500 0.132812
0 0.652083 0.332813 0.004167 0.003125
0 0.937500 0.339844 0.012500 0.020313
0 0.789583 0.267969 0.345833 0.114062
0 0.054167 0.578906 0.108333 0.839063
0 0.480208 0.980469 0.018750 0.035937
0 0.471875 0.947656 0.002083 0.010937
0 0.648958 0.915625 0.002083 0.006250
0 0.641667 0.871094 0.012500 0.010937
0 0.610417 0.924219 0.045833 0.148438
0 0.602083 0.823438 0.025000 0.037500
0 0.648958 0.788281 0.002083 0.014063
0 0.473958 0.785156 0.010417 0.017188
0 0.598958 0.763281 0.002083 0.004687
0 0.640625 0.764844 0.014583 0.017188
0 0.606250 0.728906 0.020833 0.035937
0 0.472917 0.726562 0.008333 0.040625
0 0.913542 0.829688 0.047917 0.259375
0 0.607292 0.701562 0.006250 0.006250
0 0.606250 0.679688 0.004167 0.003125
0 0.928125 0.667188 0.006250 0.009375
0 0.478125 0.587500 0.018750 0.053125
0 0.607292 0.575000 0.014583 0.031250
0 0.607292 0.539844 0.010417 0.004687
0 0.471875 0.527344 0.006250 0.007812
0 0.607292 0.524219 0.006250 0.010937
0 0.606250 0.485938 0.008333 0.006250
0 0.482292 0.482812 0.006250 0.009375
0 0.929167 0.472656 0.004167 0.004687
0 0.930208 0.456250 0.002083 0.006250
0 0.610417 0.455469 0.016667 0.039062
0 0.930208 0.439844 0.006250 0.014063
0 0.471875 0.414844 0.002083 0.001563
0 0.931250 0.416406 0.004167 0.007812
0 0.609375 0.395313 0.006250 0.006250
0 0.486458 0.399219 0.018750 0.039062
0 0.473958 0.367188 0.006250 0.021875
0 0.488542 0.346094 0.010417 0.004687
0 0.941667 0.340625 0.012500 0.018750
0 0.651042 0.332031 0.006250 0.007812
0 0.483333 0.301563 0.008333 0.012500
0 0.478125 0.277344 0.018750 0.017188
0 0.768750 0.252344 0.387500 0.123438
