0 0.750000 0.751563 0.008333 0.012500
0 0.720833 0.719531 0.004167 0.007812
0 0.720833 0.693750 0.004167 0.003125
0 0.766667 0.536719 0.012500 0.007812
0 0.768750 0.499219 0.008333 0.004687
0 0.767708 0.457031 0.010417 0.004687
0 0.775000 0.436719 0.008333 0.004687
0 0.801042 0.401562 0.006250 0.006250
0 0.737500 0.396875 0.008333 0.003125
0 0.761458 0.414844 0.018750 0.048438
0 0.805208 0.381250 0.002083 0.003125
0 0.757292 0.372656 0.018750 0.020313
0 0.777083 0.361719 0.004167 0.001563
0 0.797917 0.353906 0.004167 0.004687
0 0.778125 0.276562 0.002083 0.006250
0 0.797917 0.273438 0.004167 0.003125
0 0.771875 0.273438 0.002083 0.003125
0 0.754167 0.272656 0.020833 0.010937
0 0.778125 0.238281 0.010417 0.014063
0 0.806250 0.254688 0.062500 0.062500
0 0.767708 0.220312 0.027083 0.015625
0 0.808333 0.189844 0.020833 0.017188
0 0.790625 0.187500 0.006250 0.012500
0 0.745833 0.558594 0.329167 0.817187
