0 0.467708 0.685937 0.156250 0.625000
0 0.483333 0.992969 0.008333 0.001563
0 0.527083 0.960938 0.004167 0.006250
0 0.522917 0.936719 0.004167 0.004687
0 0.508333 0.911719 0.008333 0.004687
0 0.465625 0.910156 0.002083 0.001563
0 0.538542 0.908594 0.006250 0.001563
0 0.528125 0.909375 0.002083 0.006250
0 0.516667 0.888281 0.012500 0.017188
0 0.533333 0.874219 0.004167 0.004687
0 0.441667 0.868750 0.008333 0.006250
0 0.461458 0.877344 0.022917 0.048438
0 0.563542 0.900781 0.031250 0.101562
0 0.527083 0.860156 0.020833 0.035937
0 0.428125 0.829688 0.006250 0.003125
0 0.518750 0.804688 0.004167 0.003125
0 0.489583 0.804688 0.008333 0.009375
0 0.455208 0.799219 0.002083 0.001563
0 0.410417 0.785937 0.008333 0.006250
0 0.583333 0.782031 0.004167 0.001563
0 0.485417 0.783594 0.016667 0.007812
0 0.551042 0.798438 0.056250 0.093750
0 0.440625 0.745313 0.006250 0.003125
0 0.456250 0.744531 0.008333 0.004687
0 0.566667 0.735156 0.029167 0.020313
0 0.569792 0.716406 0.018750 0.010937
0 0.508333 0.691406 0.016667 0.014063
0 0.521875 0.677344 0.002083 0.001563
0 0.566667 0.683594 0.033333 0.039062
0 0.515625 0.604688 0.006250 0.003125
0 0.456250 0.608594 0.012500 0.010937
0 0.439583 0.604688 0.008333 0.006250
0 0.469792 0.601562 0.018750 0.021875
0 0.541667 0.574219 0.004167 0.007812
0 0.531250 0.562500 0.012500 0.006250
0 0.450000 0.554688 0.004167 0.003125
0 0.485417 0.557031 0.012500 0.010937
0 0.426042 0.549219 0.006250 0.001563
0 0.438542 0.540625 0.002083 0.003125
0 0.497917 0.535937 0.008333 0.009375
0 0.496875 0.507031 0.006250 0.001563
0 0.429167 0.516406 0.025000 0.026562
0 0.515625 0.488281 0.002083 0.004687
0 0.489583 0.479687 0.008333 0.003125
0 0.518750 0.478906 0.004167 0.004687
0 0.459375 0.473438 0.018750 0.031250
0 0.427083 0.439063 0.008333 0.003125
0 0.463542 0.446094 0.047917 0.026562
0 0.456250 0.421875 0.004167 0.003125
0 0.443750 0.421094 0.008333 0.007812
0 0.494792 0.417187 0.031250 0.021875
0 0.457292 0.400000 0.022917 0.015625
0 0.436458 0.386719 0.002083 0.001563
0 0.584375 0.671875 0.456250 0.653125
