0 0.344792 0.611719 0.168750 0.773438
0 0.651042 0.518750 0.102083 0.228125
0 0.310417 0.985938 0.004167 0.006250
0 0.334375 0.914844 0.002083 0.001563
0 0.332292 0.902344 0.002083 0.004687
0 0.371875 0.521875 0.002083 0.003125
0 0.568750 0.598437 0.612500 0.800000
0 0.332292 0.921875 0.002083 0.003125
0 0.380208 0.499219 0.002083 0.001563
0 0.569792 0.598437 0.614583 0.800000
0 0.661458 0.623437 0.002083 0.006250
0 0.676042 0.482812 0.006250 0.003125
0 0.650000 0.517188 0.108333 0.228125
0 0.708333 0.544531 0.066667 0.339062
