0 0.354167 0.436719 0.116667 0.489063
0 0.976042 0.428906 0.043750 0.401562
0 0.089583 0.404687 0.170833 0.471875
0 0.042708 0.638281 0.006250 0.001563
0 0.133333 0.638281 0.020833 0.004687
0 0.067708 0.638281 0.031250 0.004687
0 0.159375 0.605469 0.002083 0.026562
0 0.011458 0.571094 0.006250 0.010937
0 0.158333 0.535156 0.008333 0.020313
0 0.005208 0.522656 0.002083 0.007812
0 0.387500 0.489063 0.004167 0.025000
0 0.163542 0.478125 0.006250 0.025000
0 0.011458 0.429688 0.006250 0.003125
0 0.397917 0.410156 0.004167 0.023438
0 0.402083 0.332031 0.004167 0.007812
0 0.170833 0.335938 0.004167 0.021875
0 0.221875 0.188281 0.006250 0.001563
0 0.169792 0.185938 0.027083 0.012500
0 0.128125 0.179688 0.035417 0.006250
0 0.079167 0.173437 0.029167 0.006250
0 0.042708 0.169531 0.010417 0.004687
