0 0.713542 0.622656 0.331250 0.751563
0 0.554167 0.918750 0.008333 0.034375
0 0.559375 0.880469 0.006250 0.004687
0 0.560417 0.852344 0.012500 0.035937
0 0.565625 0.812500 0.010417 0.015625
0 0.566667 0.764844 0.008333 0.010937
0 0.569792 0.714844 0.006250 0.017188
0 0.573958 0.672656 0.010417 0.051562
0 0.581250 0.606250 0.016667 0.056250
0 0.594792 0.450781 0.031250 0.229687
0 0.427083 0.612500 0.420833 0.771875
0 0.863542 0.939844 0.010417 0.042188
0 0.866667 0.900000 0.004167 0.021875
0 0.868750 0.846094 0.004167 0.004687
0 0.875000 0.734375 0.008333 0.018750
0 0.428125 0.612500 0.422917 0.771875
