0 0.355208 0.762500 0.002083 0.003125
0 0.346875 0.764844 0.002083 0.007812
0 0.334375 0.753906 0.002083 0.001563
0 0.343750 0.753906 0.008333 0.004687
0 0.305208 0.765625 0.085417 0.031250
0 0.380208 0.718750 0.002083 0.003125
0 0.340625 0.716406 0.002083 0.001563
0 0.290625 0.730469 0.018750 0.029687
0 0.325000 0.719531 0.020833 0.010937
0 0.403125 0.692187 0.002083 0.003125
0 0.393750 0.676562 0.008333 0.012500
0 0.334375 0.627344 0.002083 0.004687
0 0.366667 0.623437 0.004167 0.006250
0 0.394792 0.628125 0.031250 0.031250
0 0.330208 0.610156 0.006250 0.004687
0 0.397917 0.604688 0.012500 0.009375
0 0.309375 0.602344 0.014583 0.004687
0 0.356250 0.600781 0.025000 0.010937
0 0.305208 0.595313 0.002083 0.003125
0 0.411458 0.498437 0.027083 0.028125
0 0.346875 0.485938 0.031250 0.009375
0 0.404167 0.472656 0.004167 0.001563
0 0.388542 0.471875 0.010417 0.006250
0 0.316667 0.469531 0.008333 0.007812
0 0.459375 0.458594 0.002083 0.001563
0 0.403125 0.461719 0.022917 0.017188
0 0.344792 0.420312 0.002083 0.003125
0 0.432292 0.404687 0.010417 0.009375
0 0.339583 0.631250 0.387500 0.734375
