0 0.464583 0.626563 0.529167 0.743750
0 0.182292 0.992969 0.022917 0.010937
0 0.179167 0.958594 0.004167 0.004687
0 0.166667 0.943750 0.008333 0.009375
0 0.179167 0.916406 0.004167 0.004687
0 0.152083 0.902344 0.008333 0.007812
0 0.180208 0.872656 0.002083 0.001563
0 0.165625 0.873437 0.006250 0.006250
0 0.179167 0.848437 0.004167 0.006250
0 0.146875 0.803125 0.006250 0.009375
0 0.180208 0.791406 0.002083 0.004687
0 0.131250 0.778906 0.004167 0.001563
0 0.180208 0.771094 0.006250 0.020313
0 0.162500 0.333594 0.012500 0.007812
0 0.669792 0.242969 0.014583 0.014063
0 0.262500 0.231250 0.004167 0.021875
0 0.707292 0.214062 0.006250 0.006250
0 0.250000 0.206250 0.004167 0.009375
0 0.584375 0.199219 0.010417 0.023438
0 0.456250 0.569531 0.779167 0.857812
