0 0.542708 0.596875 0.339583 0.571875
0 0.985417 0.907813 0.004167 0.046875
0 0.984375 0.846094 0.002083 0.004687
0 0.957292 0.707812 0.081250 0.550000
0 0.992708 0.398438 0.010417 0.056250
0 0.995833 0.358594 0.004167 0.014063
0 0.744792 0.585938 0.139583 0.543750
0 0.868750 0.310156 0.095833 0.014063
0 0.960417 0.304688 0.012500 0.006250
0 0.171875 0.571875 0.339583 0.653125
0 0.666667 0.797656 0.016667 0.129688
0 0.678125 0.695312 0.018750 0.053125
0 0.383333 0.734375 0.037500 0.306250
0 0.692708 0.584375 0.027083 0.162500
0 0.661458 0.402344 0.122917 0.189062
0 0.494792 0.309375 0.014583 0.009375
0 0.491667 0.302344 0.004167 0.001563
0 0.550000 0.307812 0.087500 0.031250
0 0.493750 0.292969 0.016667 0.007812
0 0.437500 0.417969 0.079167 0.264062
