0 0.376042 0.528906 0.381250 0.801562
0 0.047917 0.907031 0.045833 0.020313
0 0.111458 0.518750 0.222917 0.840625
0 0.284375 0.519531 0.568750 0.839063
0 0.154167 0.830469 0.070833 0.223438
0 0.521875 0.794531 0.039583 0.248438
0 0.548958 0.650781 0.002083 0.004687
0 0.188542 0.596094 0.010417 0.004687
0 0.536458 0.625781 0.022917 0.070312
0 0.545833 0.541406 0.020833 0.060937
0 0.564583 0.485156 0.004167 0.004687
0 0.553125 0.425000 0.018750 0.093750
0 0.569792 0.275781 0.035417 0.189062
0 0.301042 0.126562 0.602083 0.093750
