0 0.022917 0.772656 0.016667 0.026562
0 0.040625 0.707812 0.006250 0.018750
0 0.181250 0.664844 0.008333 0.001563
0 0.163542 0.667188 0.010417 0.006250
0 0.163542 0.650781 0.006250 0.004687
0 0.179167 0.648438 0.008333 0.012500
0 0.183333 0.625781 0.016667 0.010937
0 0.180208 0.583594 0.002083 0.004687
0 0.201042 0.544531 0.002083 0.004687
0 0.060417 0.540625 0.004167 0.003125
0 0.023958 0.531250 0.002083 0.003125
0 0.183333 0.529687 0.004167 0.003125
0 0.011458 0.478125 0.002083 0.003125
0 0.239583 0.457813 0.008333 0.003125
0 0.220833 0.446875 0.004167 0.009375
0 0.148958 0.431250 0.002083 0.006250
0 0.226042 0.420312 0.018750 0.021875
0 0.234375 0.398438 0.006250 0.012500
0 0.206250 0.386719 0.008333 0.007812
0 0.226042 0.378125 0.010417 0.012500
0 0.208333 0.360156 0.016667 0.007812
0 0.238542 0.361719 0.027083 0.014063
0 0.177083 0.310937 0.008333 0.006250
0 0.248958 0.305469 0.006250 0.010937
0 0.209375 0.289062 0.002083 0.003125
0 0.242708 0.284375 0.002083 0.003125
0 0.006250 0.285156 0.004167 0.004687
0 0.202083 0.264062 0.008333 0.003125
0 0.252083 0.251563 0.004167 0.006250
0 0.007292 0.246875 0.006250 0.009375
0 0.237500 0.238281 0.004167 0.004687
0 0.246875 0.234375 0.006250 0.012500
0 0.010417 0.233594 0.004167 0.010937
0 0.222917 0.221094 0.029167 0.007812
0 0.209375 0.214844 0.002083 0.004687
0 0.210417 0.206250 0.004167 0.003125
0 0.245833 0.153125 0.012500 0.006250
0 0.254167 0.137500 0.004167 0.003125
0 0.027083 0.125781 0.004167 0.001563
0 0.007292 0.128906 0.006250 0.017188
0 0.009375 0.085156 0.010417 0.017188
0 0.191667 0.499219 0.375000 0.998437
0 0.306250 0.965625 0.025000 0.028125
0 0.317708 0.913281 0.043750 0.048438
0 0.327083 0.878125 0.004167 0.006250
0 0.307292 0.880469 0.014583 0.023438
0 0.330208 0.801562 0.035417 0.046875
0 0.342708 0.760938 0.014583 0.012500
0 0.326042 0.753125 0.006250 0.012500
0 0.859375 0.857031 0.072917 0.282813
0 0.344792 0.698438 0.031250 0.034375
0 0.890625 0.678906 0.018750 0.035937
0 0.860417 0.672656 0.016667 0.032813
0 0.340625 0.645312 0.002083 0.003125
0 0.881250 0.617188 0.045833 0.065625
0 0.879167 0.571094 0.004167 0.007812
0 0.868750 0.558594 0.004167 0.020313
0 0.371875 0.549219 0.002083 0.001563
0 0.868750 0.532031 0.012500 0.026562
0 0.888542 0.498437 0.031250 0.037500
0 0.363542 0.446094 0.010417 0.014063
0 0.908333 0.441406 0.016667 0.017188
0 0.895833 0.430469 0.008333 0.007812
0 0.882292 0.396094 0.002083 0.001563
0 0.368750 0.404687 0.016667 0.018750
0 0.369792 0.372656 0.002083 0.007812
0 0.369792 0.347656 0.002083 0.001563
0 0.371875 0.325781 0.010417 0.020313
0 0.411458 0.284375 0.002083 0.003125
0 0.380208 0.274219 0.006250 0.010937
0 0.395833 0.260156 0.004167 0.007812
0 0.398958 0.227344 0.035417 0.089063
0 0.411458 0.182031 0.006250 0.010937
0 0.891667 0.136719 0.004167 0.007812
0 0.892708 0.098437 0.010417 0.021875
0 0.507292 0.089063 0.252083 0.159375
0 0.646875 0.005469 0.002083 0.001563
0 0.758333 0.012500 0.229167 0.025000
0 0.336458 0.790625 0.006250 0.003125
0 0.345833 0.789844 0.004167 0.010937
0 0.131250 0.218750 0.016667 0.012500
0 0.136458 0.192969 0.010417 0.004687
0 0.148958 0.157812 0.006250 0.003125
0 0.146875 0.122656 0.022917 0.029687
0 0.196875 0.115625 0.010417 0.021875
0 0.162500 0.107031 0.016667 0.010937
0 0.201042 0.097656 0.002083 0.001563
0 0.178125 0.097656 0.002083 0.001563
0 0.189583 0.083594 0.016667 0.017188
0 0.192708 0.499219 0.377083 0.998437
