0 0.345833 0.832812 0.004167 0.003125
0 0.311458 0.832812 0.002083 0.003125
0 0.459375 0.821875 0.010417 0.018750
0 0.311458 0.817187 0.018750 0.012500
0 0.334375 0.814844 0.010417 0.017188
0 0.416667 0.800781 0.008333 0.004687
0 0.430208 0.796094 0.010417 0.007812
0 0.414583 0.778906 0.012500 0.007812
0 0.423958 0.767969 0.006250 0.004687
0 0.445833 0.764062 0.008333 0.006250
0 0.458333 0.772656 0.008333 0.026562
0 0.436458 0.707031 0.006250 0.004687
0 0.230208 0.282031 0.002083 0.004687
0 0.343750 0.573438 0.258333 0.615625
