0 0.644792 0.277344 0.006250 0.004687
0 0.628125 0.275781 0.002083 0.001563
0 0.579167 0.635156 0.470833 0.726562
0 0.354167 0.995313 0.012500 0.006250
0 0.358333 0.986719 0.004167 0.001563
0 0.348958 0.975000 0.002083 0.015625
0 0.661458 0.942969 0.002083 0.001563
0 0.561458 0.943750 0.002083 0.003125
0 0.385417 0.943750 0.004167 0.003125
0 0.580208 0.939063 0.010417 0.006250
0 0.496875 0.942187 0.010417 0.012500
0 0.537500 0.941406 0.012500 0.014063
0 0.473958 0.939844 0.018750 0.010937
0 0.454167 0.939063 0.012500 0.012500
0 0.791667 0.963281 0.020833 0.064062
0 0.708333 0.917188 0.004167 0.006250
0 0.769792 0.922656 0.018750 0.032813
0 0.363542 0.930469 0.031250 0.064062
0 0.709375 0.847656 0.002083 0.001563
0 0.710417 0.833594 0.004167 0.007812
0 0.711458 0.791406 0.006250 0.004687
0 0.711458 0.769531 0.002083 0.004687
0 0.391667 0.634375 0.025000 0.025000
0 0.363542 0.736719 0.035417 0.314063
0 0.359375 0.571875 0.010417 0.012500
0 0.402083 0.557813 0.008333 0.012500
0 0.361458 0.542969 0.002083 0.001563
0 0.386458 0.485156 0.006250 0.007812
0 0.361458 0.504687 0.014583 0.065625
0 0.398958 0.386719 0.006250 0.001563
0 0.416667 0.358594 0.008333 0.010937
0 0.408333 0.345313 0.004167 0.003125
0 0.410417 0.329688 0.025000 0.012500
0 0.593750 0.592969 0.475000 0.651563
