0 0.093750 0.803906 0.008333 0.004687
0 0.008333 0.730469 0.004167 0.001563
0 0.003125 0.715625 0.006250 0.015625
0 0.011458 0.537500 0.022917 0.037500
0 0.034375 0.507031 0.002083 0.007812
0 0.029167 0.407031 0.016667 0.017188
0 0.021875 0.396094 0.002083 0.004687
0 0.001042 0.360938 0.002083 0.003125
0 0.014583 0.266406 0.004167 0.007812
0 0.045833 0.264062 0.012500 0.025000
0 0.092708 0.210938 0.002083 0.006250
0 0.003125 0.185938 0.006250 0.021875
0 0.007292 0.174219 0.002083 0.001563
0 0.219792 0.450781 0.439583 0.707812
0 0.382292 0.769531 0.002083 0.004687
0 0.092708 0.714063 0.060417 0.196875
0 0.237500 0.429688 0.475000 0.746875
