0 0.884375 0.996875 0.010417 0.003125
0 0.863542 0.989844 0.010417 0.014063
0 0.900000 0.987500 0.012500 0.015625
0 0.875000 0.962500 0.012500 0.034375
0 0.922917 0.893750 0.008333 0.021875
0 0.952083 0.831250 0.004167 0.012500
0 0.918750 0.877344 0.066667 0.126562
0 0.962500 0.800781 0.020833 0.026562
0 0.933333 0.793750 0.008333 0.012500
0 0.937500 0.780469 0.004167 0.004687
0 0.942708 0.766406 0.006250 0.010937
0 0.959375 0.719531 0.002083 0.001563
0 0.979167 0.671094 0.004167 0.001563
0 0.986458 0.649219 0.006250 0.010937
0 0.643750 0.639062 0.708333 0.718750
