0 0.496875 0.626563 0.431250 0.731250
0 0.423958 0.900781 0.002083 0.001563
0 0.371875 0.901563 0.006250 0.003125
0 0.416667 0.896875 0.004167 0.006250
0 0.506250 0.896094 0.016667 0.007812
0 0.683333 0.894531 0.012500 0.029687
0 0.679167 0.867969 0.004167 0.004687
0 0.681250 0.835938 0.016667 0.037500
0 0.686458 0.740625 0.006250 0.015625
0 0.688542 0.714844 0.006250 0.004687
0 0.689583 0.664062 0.016667 0.075000
0 0.695833 0.584375 0.016667 0.075000
0 0.700000 0.520312 0.016667 0.034375
0 0.705208 0.474219 0.006250 0.039062
0 0.706250 0.421875 0.012500 0.056250
0 0.705208 0.380469 0.010417 0.007812
0 0.707292 0.354687 0.010417 0.021875
0 0.711458 0.338281 0.002083 0.001563
0 0.715625 0.285156 0.002083 0.001563
0 0.669792 0.273438 0.093750 0.015625
0 0.602083 0.267188 0.012500 0.003125
0 0.575000 0.266406 0.029167 0.004687
0 0.543750 0.264844 0.008333 0.001563
0 0.522917 0.264062 0.012500 0.003125
0 0.481250 0.263281 0.041667 0.004687
0 0.444792 0.263281 0.010417 0.004687
0 0.343750 0.622656 0.179167 0.729688
