0 0.429167 0.607031 0.395833 0.782813
0 0.586458 0.923438 0.022917 0.062500
0 0.589583 0.860156 0.020833 0.048438
0 0.265625 0.813281 0.018750 0.010937
0 0.275000 0.727344 0.004167 0.001563
0 0.267708 0.713281 0.002083 0.001563
0 0.277083 0.658594 0.004167 0.010937
0 0.255208 0.624219 0.002083 0.004687
0 0.594792 0.719531 0.031250 0.217188
0 0.277083 0.474219 0.004167 0.007812
0 0.269792 0.442188 0.010417 0.021875
0 0.273958 0.415625 0.010417 0.006250
0 0.276042 0.362500 0.006250 0.012500
0 0.255208 0.319531 0.002083 0.001563
0 0.272917 0.319531 0.012500 0.017188
0 0.275000 0.289062 0.008333 0.009375
0 0.452083 0.264844 0.008333 0.001563
0 0.375000 0.257031 0.004167 0.001563
0 0.271875 0.250781 0.006250 0.001563
0 0.369792 0.239844 0.002083 0.001563
0 0.317708 0.246875 0.010417 0.015625
0 0.423958 0.603125 0.410417 0.787500
0 0.938542 0.557031 0.006250 0.032813
0 0.773958 0.557813 0.406250 0.787500
